age,eduspec,sex,alcabuse
36.0,not applicable,FEMALE,NO
47.0,protection and safety,FEMALE,
22.0,pedagogics,FEMALE,NO
66.0,not applicable,FEMALE,YES
18.0,mathematics and statistics,FEMALE,NO
46.0,production and processing,MALE,NO
72.0,mathematics and statistics,FEMALE,NO
21.0,technical science,FEMALE,NO
71.0,veterinary medicine,FEMALE,YES
35.0,liberal arts,FEMALE,NO
72.0,services for the population and transport services,FEMALE,NO
18.0,no specialisation,FEMALE,NO
70.0,other,FEMALE,NO
56.0,technical science,MALE,NO
35.0,architecture and construction,MALE,NO
58.0,architecture and construction,MALE,NO
44.0,"agriculture, forestry, fishing",FEMALE,YES
52.0,social sciences,FEMALE,NO
64.0,services for the population and transport services,FEMALE,YES
89.0,social welfare,MALE,NO
50.0,veterinary medicine,FEMALE,NO
39.0,services for the population and transport services,FEMALE,NO
80.0,no specialisation,FEMALE,NO
71.0,services for the population and transport services,FEMALE,NO
95.0,armed forces and country protection,FEMALE,YES
20.0,physical sciences,FEMALE,
30.0,art,FEMALE,NO
55.0,technical science,MALE,NO
56.0,no specialisation,FEMALE,NO
48.0,mathematics and statistics,FEMALE,YES
67.0,environmental protection,MALE,YES
60.0,public health,FEMALE,YES
21.0,mathematics and statistics,FEMALE,NO
76.0,other,FEMALE,YES
34.0,"agriculture, forestry, fishing",MALE,NO
93.0,physical sciences,FEMALE,YES
19.0,physical sciences,FEMALE,NO
95.0,physical sciences,FEMALE,
44.0,technical science,MALE,YES
55.0,production and processing,MALE,NO
65.0,lack of data,FEMALE,YES
91.0,mathematics and statistics,FEMALE,
60.0,protection and safety,FEMALE,YES
33.0,architecture and construction,MALE,NO
54.0,production and processing,MALE,NO
36.0,production and processing,MALE,
17.0,computer science,MALE,NO
91.0,art,FEMALE,NO
37.0,healthcare,FEMALE,NO
28.0,lack of data,FEMALE,NO
44.0,pedagogics,FEMALE,NO
50.0,mathematics and statistics,FEMALE,NO
28.0,,FEMALE,NO
94.0,armed forces and country protection,MALE,YES
87.0,computer science,FEMALE,NO
97.0,art,MALE,
33.0,production and processing,MALE,NO
18.0,environmental protection,MALE,NO
39.0,no specialisation,MALE,NO
59.0,economy and administration,FEMALE,NO
88.0,art,MALE,NO
95.0,armed forces and country protection,FEMALE,YES
44.0,production and processing,MALE,NO
71.0,art,FEMALE,NO
22.0,computer science,MALE,NO
50.0,lack of data,FEMALE,NO
63.0,services for the population and transport services,FEMALE,
54.0,architecture and construction,MALE,NO
75.0,social sciences,FEMALE,YES
70.0,architecture and construction,MALE,NO
78.0,veterinary medicine,FEMALE,NO
17.0,no specialisation,FEMALE,NO
75.0,veterinary medicine,FEMALE,NO
43.0,pedagogics,FEMALE,NO
46.0,public health,FEMALE,
33.0,architecture and construction,MALE,NO
92.0,healthcare,FEMALE,NO
84.0,armed forces and country protection,FEMALE,NO
85.0,healthcare,FEMALE,NO
84.0,armed forces and country protection,FEMALE,NO
24.0,healthcare,FEMALE,NO
36.0,mathematics and statistics,FEMALE,NO
47.0,architecture and construction,MALE,YES
86.0,protection and safety,FEMALE,NO
67.0,other,MALE,NO
90.0,environmental protection,MALE,NO
64.0,no specialisation,FEMALE,NO
72.0,architecture and construction,MALE,
44.0,pedagogics,FEMALE,YES
55.0,technical science,MALE,YES
24.0,healthcare,FEMALE,NO
63.0,production and processing,MALE,
62.0,art,FEMALE,NO
83.0,protection and safety,FEMALE,NO
93.0,healthcare,FEMALE,NO
24.0,computer science,FEMALE,NO
60.0,pedagogics,FEMALE,NO
20.0,"agriculture, forestry, fishing",MALE,NO
75.0,social sciences,FEMALE,NO
42.0,"agriculture, forestry, fishing",MALE,NO
31.0,production and processing,MALE,NO
68.0,environmental protection,MALE,NO
25.0,public health,FEMALE,YES
80.0,veterinary medicine,FEMALE,NO
25.0,economy and administration,FEMALE,NO
21.0,pedagogics,FEMALE,NO
23.0,pedagogics,FEMALE,NO
42.0,pedagogics,FEMALE,YES
72.0,economy and administration,FEMALE,NO
49.0,veterinary medicine,FEMALE,NO
17.0,mathematics and statistics,FEMALE,NO
76.0,social sciences,FEMALE,YES
73.0,protection and safety,FEMALE,NO
35.0,healthcare,FEMALE,NO
24.0,services for the population and transport services,MALE,NO
26.0,liberal arts,FEMALE,NO
47.0,social welfare,MALE,NO
40.0,pedagogics,FEMALE,NO
87.0,social welfare,MALE,NO
59.0,protection and safety,FEMALE,NO
75.0,protection and safety,FEMALE,YES
70.0,no specialisation,FEMALE,NO
78.0,veterinary medicine,FEMALE,NO
73.0,production and processing,MALE,NO
36.0,mathematics and statistics,FEMALE,NO
81.0,pedagogics,FEMALE,NO
32.0,"agriculture, forestry, fishing",MALE,NO
77.0,healthcare,FEMALE,NO
17.0,production and processing,MALE,NO
33.0,healthcare,FEMALE,YES
44.0,physical sciences,FEMALE,
64.0,mathematics and statistics,FEMALE,NO
93.0,art,FEMALE,
22.0,healthcare,FEMALE,NO
29.0,pedagogics,FEMALE,NO
29.0,pedagogics,FEMALE,NO
57.0,pedagogics,FEMALE,NO
31.0,production and processing,MALE,NO
74.0,production and processing,MALE,YES
21.0,mathematics and statistics,FEMALE,NO
22.0,technical science,MALE,NO
65.0,lack of data,FEMALE,YES
49.0,mathematics and statistics,FEMALE,NO
61.0,technical science,MALE,NO
29.0,services for the population and transport services,MALE,NO
22.0,protection and safety,FEMALE,NO
59.0,armed forces and country protection,MALE,YES
64.0,technical science,MALE,NO
20.0,protection and safety,FEMALE,NO
86.0,,FEMALE,NO
96.0,art,FEMALE,YES
89.0,social welfare,MALE,NO
28.0,art,FEMALE,NO
51.0,physical sciences,FEMALE,NO
96.0,armed forces and country protection,FEMALE,YES
50.0,social sciences,FEMALE,NO
29.0,services for the population and transport services,FEMALE,NO
67.0,other,FEMALE,NO
30.0,liberal arts,MALE,NO
82.0,architecture and construction,MALE,NO
46.0,protection and safety,FEMALE,
34.0,mathematics and statistics,FEMALE,NO
47.0,protection and safety,FEMALE,NO
22.0,social welfare,MALE,NO
78.0,veterinary medicine,FEMALE,NO
42.0,social sciences,FEMALE,YES
80.0,"agriculture, forestry, fishing",MALE,NO
70.0,lack of data,MALE,NO
83.0,protection and safety,FEMALE,NO
93.0,biological sciences,MALE,YES
84.0,no specialisation,FEMALE,NO
70.0,architecture and construction,MALE,NO
85.0,computer science,FEMALE,NO
21.0,"agriculture, forestry, fishing",MALE,
37.0,services for the population and transport services,MALE,NO
28.0,economy and administration,FEMALE,YES
42.0,journalism and information,MALE,
62.0,technical science,MALE,NO
17.0,protection and safety,FEMALE,NO
24.0,"agriculture, forestry, fishing",MALE,YES
27.0,art,FEMALE,NO
67.0,physical sciences,FEMALE,NO
43.0,pedagogics,FEMALE,NO
26.0,economy and administration,MALE,NO
38.0,technical science,MALE,NO
96.0,physical sciences,FEMALE,YES
89.0,no specialisation,MALE,NO
21.0,pedagogics,FEMALE,
70.0,protection and safety,FEMALE,
21.0,healthcare,FEMALE,NO
27.0,liberal arts,FEMALE,NO
34.0,computer science,FEMALE,
28.0,computer science,MALE,NO
35.0,technical science,MALE,
95.0,public health,FEMALE,
18.0,no specialisation,FEMALE,NO
51.0,economy and administration,FEMALE,NO
66.0,environmental protection,MALE,YES
59.0,architecture and construction,MALE,NO
16.0,mathematics and statistics,FEMALE,NO
22.0,healthcare,FEMALE,NO
58.0,protection and safety,FEMALE,YES
81.0,law,FEMALE,YES
87.0,biological sciences,MALE,NO
30.0,"agriculture, forestry, fishing",FEMALE,NO
34.0,architecture and construction,MALE,YES
80.0,production and processing,MALE,NO
48.0,mathematics and statistics,FEMALE,NO
22.0,not applicable,FEMALE,NO
74.0,technical science,MALE,YES
87.0,,FEMALE,NO
35.0,computer science,MALE,NO
32.0,production and processing,MALE,NO
92.0,environmental protection,MALE,
33.0,"agriculture, forestry, fishing",FEMALE,NO
28.0,public health,FEMALE,YES
83.0,healthcare,FEMALE,YES
61.0,liberal arts,FEMALE,NO
23.0,pedagogics,FEMALE,NO
52.0,social sciences,FEMALE,NO
50.0,physical sciences,FEMALE,NO
88.0,social welfare,MALE,NO
25.0,environmental protection,MALE,NO
37.0,services for the population and transport services,MALE,NO
96.0,computer science,MALE,YES
69.0,veterinary medicine,FEMALE,NO
31.0,production and processing,MALE,NO
87.0,computer science,FEMALE,NO
73.0,technical science,MALE,YES
81.0,protection and safety,FEMALE,NO
31.0,environmental protection,MALE,NO
36.0,computer science,FEMALE,NO
45.0,no specialisation,FEMALE,YES
81.0,"agriculture, forestry, fishing",FEMALE,
89.0,computer science,MALE,NO
40.0,mathematics and statistics,FEMALE,NO
34.0,law,FEMALE,NO
16.0,no specialisation,FEMALE,NO
78.0,healthcare,FEMALE,NO
42.0,pedagogics,FEMALE,NO
35.0,social sciences,FEMALE,
96.0,armed forces and country protection,FEMALE,
61.0,no specialisation,FEMALE,
22.0,art,FEMALE,NO
63.0,protection and safety,FEMALE,NO
54.0,liberal arts,MALE,NO
60.0,other,MALE,NO
33.0,computer science,MALE,NO
44.0,art,FEMALE,YES
81.0,no specialisation,MALE,NO
19.0,lack of data,FEMALE,NO
55.0,technical science,MALE,NO
48.0,public health,FEMALE,NO
24.0,public health,FEMALE,NO
72.0,technical science,FEMALE,NO
32.0,architecture and construction,MALE,NO
47.0,not applicable,FEMALE,NO
31.0,pedagogics,FEMALE,NO
51.0,veterinary medicine,FEMALE,NO
31.0,healthcare,FEMALE,NO
32.0,economy and administration,MALE,NO
79.0,armed forces and country protection,FEMALE,NO
78.0,"agriculture, forestry, fishing",FEMALE,
83.0,technical science,MALE,NO
53.0,production and processing,MALE,NO
71.0,services for the population and transport services,FEMALE,NO
20.0,healthcare,FEMALE,NO
45.0,pedagogics,FEMALE,NO
90.0,architecture and construction,MALE,
68.0,no specialisation,MALE,NO
76.0,veterinary medicine,FEMALE,NO
21.0,social welfare,MALE,NO
23.0,healthcare,FEMALE,NO
77.0,veterinary medicine,FEMALE,
33.0,economy and administration,FEMALE,NO
77.0,technical science,MALE,NO
54.0,technical science,MALE,NO
70.0,services for the population and transport services,FEMALE,NO
51.0,physical sciences,FEMALE,NO
21.0,social welfare,MALE,NO
34.0,healthcare,FEMALE,NO
70.0,social sciences,FEMALE,YES
16.0,physical sciences,FEMALE,NO
73.0,"agriculture, forestry, fishing",MALE,NO
42.0,journalism and information,MALE,NO
57.0,art,FEMALE,NO
74.0,veterinary medicine,FEMALE,NO
46.0,no specialisation,MALE,YES
66.0,no specialisation,FEMALE,YES
45.0,physical sciences,FEMALE,NO
20.0,lack of data,FEMALE,NO
38.0,art,FEMALE,NO
80.0,services for the population and transport services,FEMALE,
89.0,computer science,MALE,NO
90.0,no specialisation,FEMALE,
18.0,economy and administration,FEMALE,NO
19.0,architecture and construction,MALE,NO
62.0,social sciences,FEMALE,
46.0,veterinary medicine,FEMALE,NO
35.0,veterinary medicine,FEMALE,
40.0,technical science,MALE,YES
24.0,public health,FEMALE,NO
83.0,healthcare,FEMALE,NO
58.0,architecture and construction,MALE,NO
36.0,liberal arts,FEMALE,NO
27.0,economy and administration,FEMALE,NO
93.0,art,FEMALE,YES
69.0,architecture and construction,MALE,NO
23.0,protection and safety,FEMALE,NO
32.0,"agriculture, forestry, fishing",MALE,NO
20.0,public health,FEMALE,NO
90.0,art,MALE,
34.0,architecture and construction,MALE,
58.0,architecture and construction,MALE,YES
30.0,production and processing,MALE,NO
59.0,economy and administration,FEMALE,YES
23.0,mathematics and statistics,FEMALE,NO
66.0,other,FEMALE,YES
42.0,social sciences,FEMALE,YES
65.0,protection and safety,FEMALE,NO
78.0,environmental protection,MALE,NO
88.0,art,MALE,NO
58.0,architecture and construction,MALE,NO
82.0,healthcare,FEMALE,NO
65.0,environmental protection,MALE,NO
52.0,mathematics and statistics,FEMALE,NO
31.0,production and processing,MALE,NO
24.0,protection and safety,FEMALE,NO
22.0,healthcare,FEMALE,
71.0,law,FEMALE,
93.0,biological sciences,MALE,
78.0,services for the population and transport services,MALE,
41.0,architecture and construction,MALE,YES
81.0,protection and safety,FEMALE,NO
72.0,services for the population and transport services,MALE,NO
61.0,services for the population and transport services,FEMALE,NO
49.0,environmental protection,MALE,NO
21.0,law,FEMALE,NO
42.0,pedagogics,FEMALE,NO
30.0,environmental protection,MALE,NO
77.0,lack of data,FEMALE,
28.0,computer science,MALE,NO
48.0,mathematics and statistics,FEMALE,NO
81.0,architecture and construction,MALE,NO
30.0,services for the population and transport services,FEMALE,NO
92.0,architecture and construction,MALE,
20.0,no specialisation,MALE,NO
22.0,healthcare,FEMALE,NO
24.0,pedagogics,FEMALE,NO
70.0,veterinary medicine,FEMALE,NO
30.0,production and processing,MALE,NO
71.0,architecture and construction,MALE,NO
92.0,mathematics and statistics,FEMALE,
78.0,no specialisation,FEMALE,NO
39.0,no specialisation,MALE,NO
29.0,production and processing,MALE,NO
82.0,healthcare,FEMALE,NO
73.0,art,FEMALE,NO
56.0,liberal arts,FEMALE,NO
80.0,veterinary medicine,FEMALE,NO
85.0,computer science,MALE,NO
21.0,technical science,MALE,NO
21.0,not applicable,FEMALE,NO
72.0,mathematics and statistics,FEMALE,
48.0,social welfare,MALE,YES
39.0,mathematics and statistics,FEMALE,NO
19.0,protection and safety,FEMALE,NO
35.0,liberal arts,FEMALE,NO
61.0,technical science,MALE,NO
57.0,protection and safety,FEMALE,YES
48.0,protection and safety,FEMALE,NO
81.0,healthcare,FEMALE,NO
90.0,public health,FEMALE,NO
40.0,physical sciences,FEMALE,NO
69.0,economy and administration,FEMALE,NO
96.0,art,FEMALE,
70.0,services for the population and transport services,FEMALE,NO
73.0,veterinary medicine,FEMALE,NO
21.0,mathematics and statistics,FEMALE,NO
23.0,pedagogics,FEMALE,NO
73.0,social sciences,FEMALE,
71.0,mathematics and statistics,FEMALE,YES
80.0,veterinary medicine,FEMALE,NO
59.0,pedagogics,FEMALE,NO
43.0,services for the population and transport services,FEMALE,NO
59.0,technical science,FEMALE,NO
72.0,services for the population and transport services,FEMALE,NO
96.0,art,FEMALE,YES
52.0,physical sciences,FEMALE,NO
35.0,liberal arts,FEMALE,NO
24.0,architecture and construction,MALE,NO
90.0,mathematics and statistics,FEMALE,
67.0,environmental protection,MALE,YES
51.0,social sciences,FEMALE,NO
72.0,architecture and construction,MALE,
71.0,veterinary medicine,FEMALE,NO
44.0,journalism and information,MALE,YES
18.0,lack of data,MALE,NO
35.0,"agriculture, forestry, fishing",MALE,NO
88.0,computer science,MALE,NO
56.0,liberal arts,FEMALE,NO
75.0,technical science,MALE,NO
57.0,armed forces and country protection,MALE,YES
73.0,technical science,MALE,NO
46.0,social welfare,MALE,NO
70.0,mathematics and statistics,FEMALE,NO
77.0,healthcare,FEMALE,
28.0,economy and administration,FEMALE,YES
44.0,physical sciences,FEMALE,NO
78.0,"agriculture, forestry, fishing",FEMALE,
78.0,"agriculture, forestry, fishing",FEMALE,
92.0,mathematics and statistics,FEMALE,
32.0,architecture and construction,MALE,NO
59.0,economy and administration,FEMALE,NO
85.0,computer science,MALE,NO
90.0,environmental protection,MALE,NO
96.0,art,FEMALE,YES
41.0,"agriculture, forestry, fishing",MALE,YES
16.0,armed forces and country protection,FEMALE,NO
38.0,physical sciences,FEMALE,NO
79.0,veterinary medicine,FEMALE,NO
32.0,,FEMALE,NO
31.0,liberal arts,FEMALE,NO
39.0,art,FEMALE,NO
94.0,physical sciences,FEMALE,YES
69.0,no specialisation,FEMALE,YES
58.0,,FEMALE,NO
43.0,architecture and construction,MALE,YES
50.0,services for the population and transport services,FEMALE,NO
20.0,healthcare,FEMALE,NO
18.0,economy and administration,FEMALE,NO
57.0,production and processing,MALE,YES
16.0,economy and administration,FEMALE,NO
35.0,production and processing,MALE,
31.0,no specialisation,FEMALE,NO
69.0,mathematics and statistics,FEMALE,YES
67.0,other,MALE,NO
21.0,healthcare,FEMALE,
18.0,protection and safety,FEMALE,NO
92.0,mathematics and statistics,FEMALE,NO
18.0,lack of data,FEMALE,NO
28.0,social sciences,FEMALE,NO
27.0,technical science,MALE,NO
34.0,architecture and construction,MALE,NO
31.0,economy and administration,FEMALE,NO
94.0,journalism and information,MALE,YES
33.0,services for the population and transport services,FEMALE,NO
75.0,veterinary medicine,FEMALE,YES
71.0,veterinary medicine,FEMALE,NO
84.0,technical science,MALE,NO
21.0,healthcare,FEMALE,NO
60.0,,FEMALE,NO
27.0,economy and administration,FEMALE,NO
97.0,armed forces and country protection,FEMALE,
52.0,technical science,MALE,YES
27.0,economy and administration,MALE,NO
31.0,protection and safety,FEMALE,NO
67.0,architecture and construction,MALE,NO
19.0,protection and safety,FEMALE,NO
86.0,social welfare,MALE,NO
92.0,environmental protection,MALE,NO
54.0,law,FEMALE,NO
72.0,law,FEMALE,NO
46.0,public health,FEMALE,NO
60.0,economy and administration,FEMALE,NO
85.0,biological sciences,MALE,NO
45.0,mathematics and statistics,FEMALE,YES
85.0,healthcare,FEMALE,NO
34.0,social sciences,FEMALE,YES
68.0,economy and administration,FEMALE,NO
20.0,no specialisation,FEMALE,NO
55.0,technical science,MALE,NO
51.0,physical sciences,FEMALE,NO
21.0,social welfare,MALE,NO
65.0,technical science,MALE,NO
48.0,public health,FEMALE,NO
64.0,protection and safety,FEMALE,NO
48.0,veterinary medicine,FEMALE,YES
31.0,,FEMALE,NO
74.0,mathematics and statistics,FEMALE,YES
58.0,architecture and construction,MALE,YES
81.0,healthcare,FEMALE,NO
91.0,art,FEMALE,NO
51.0,mathematics and statistics,FEMALE,NO
48.0,art,FEMALE,NO
24.0,pedagogics,FEMALE,NO
54.0,liberal arts,FEMALE,NO
20.0,technical science,MALE,NO
52.0,veterinary medicine,FEMALE,NO
47.0,not applicable,FEMALE,NO
89.0,environmental protection,MALE,
42.0,pedagogics,FEMALE,YES
75.0,technical science,MALE,YES
53.0,liberal arts,FEMALE,NO
36.0,not applicable,FEMALE,NO
93.0,environmental protection,MALE,NO
19.0,mathematics and statistics,FEMALE,NO
24.0,liberal arts,FEMALE,NO
57.0,economy and administration,FEMALE,YES
78.0,no specialisation,MALE,NO
89.0,healthcare,FEMALE,
34.0,law,FEMALE,NO
65.0,no specialisation,FEMALE,NO
28.0,public health,FEMALE,NO
23.0,healthcare,FEMALE,NO
41.0,technical science,MALE,NO
52.0,social sciences,FEMALE,NO
33.0,architecture and construction,MALE,NO
17.0,environmental protection,MALE,NO
19.0,mathematics and statistics,FEMALE,NO
97.0,armed forces and country protection,MALE,
41.0,journalism and information,MALE,NO
44.0,public health,FEMALE,NO
26.0,production and processing,MALE,NO
57.0,physical sciences,FEMALE,NO
63.0,protection and safety,FEMALE,NO
36.0,computer science,MALE,
82.0,healthcare,FEMALE,NO
29.0,production and processing,MALE,NO
86.0,social welfare,MALE,NO
24.0,not applicable,FEMALE,NO
89.0,healthcare,FEMALE,NO
60.0,"agriculture, forestry, fishing",MALE,
70.0,protection and safety,FEMALE,NO
79.0,"agriculture, forestry, fishing",FEMALE,NO
82.0,law,FEMALE,NO
81.0,no specialisation,FEMALE,
85.0,technical science,MALE,YES
91.0,architecture and construction,MALE,
33.0,liberal arts,FEMALE,
81.0,"agriculture, forestry, fishing",FEMALE,NO
37.0,journalism and information,MALE,NO
95.0,physical sciences,FEMALE,YES
90.0,healthcare,FEMALE,NO
28.0,computer science,MALE,YES
81.0,armed forces and country protection,FEMALE,NO
84.0,pedagogics,FEMALE,YES
21.0,protection and safety,FEMALE,NO
29.0,production and processing,MALE,NO
51.0,technical science,MALE,NO
62.0,"agriculture, forestry, fishing",MALE,NO
26.0,production and processing,MALE,NO
81.0,pedagogics,FEMALE,YES
57.0,pedagogics,FEMALE,NO
73.0,veterinary medicine,FEMALE,YES
20.0,"agriculture, forestry, fishing",FEMALE,NO
16.0,protection and safety,FEMALE,NO
62.0,services for the population and transport services,MALE,YES
67.0,no specialisation,MALE,NO
84.0,healthcare,FEMALE,NO
77.0,services for the population and transport services,FEMALE,NO
38.0,architecture and construction,MALE,NO
47.0,mathematics and statistics,FEMALE,NO
16.0,no specialisation,FEMALE,NO
18.0,protection and safety,FEMALE,NO
82.0,architecture and construction,MALE,NO
32.0,economy and administration,FEMALE,NO
53.0,liberal arts,FEMALE,NO
58.0,physical sciences,FEMALE,NO
22.0,social welfare,MALE,NO
23.0,physical sciences,FEMALE,NO
25.0,art,FEMALE,NO
49.0,veterinary medicine,FEMALE,NO
21.0,social welfare,MALE,NO
83.0,no specialisation,FEMALE,NO
56.0,technical science,MALE,NO
23.0,not applicable,FEMALE,NO
41.0,technical science,FEMALE,NO
26.0,social sciences,MALE,YES
71.0,veterinary medicine,FEMALE,NO
68.0,technical science,MALE,NO
34.0,architecture and construction,MALE,NO
86.0,biological sciences,MALE,NO
56.0,liberal arts,FEMALE,NO
50.0,veterinary medicine,FEMALE,NO
21.0,healthcare,FEMALE,NO
87.0,art,FEMALE,NO
48.0,social welfare,MALE,NO
69.0,mathematics and statistics,FEMALE,YES
54.0,technical science,MALE,NO
87.0,art,FEMALE,NO
58.0,production and processing,MALE,YES
90.0,mathematics and statistics,FEMALE,
32.0,architecture and construction,MALE,NO
47.0,protection and safety,FEMALE,NO
71.0,economy and administration,FEMALE,NO
81.0,architecture and construction,MALE,NO
58.0,architecture and construction,MALE,YES
72.0,architecture and construction,MALE,YES
51.0,technical science,MALE,NO
47.0,public health,FEMALE,NO
73.0,technical science,MALE,YES
55.0,production and processing,MALE,NO
46.0,no specialisation,MALE,NO
23.0,healthcare,FEMALE,NO
88.0,,FEMALE,NO
66.0,lack of data,MALE,YES
31.0,no specialisation,FEMALE,NO
54.0,law,FEMALE,NO
81.0,veterinary medicine,FEMALE,NO
57.0,biological sciences,MALE,NO
84.0,healthcare,FEMALE,NO
32.0,production and processing,MALE,NO
58.0,architecture and construction,MALE,NO
83.0,pedagogics,FEMALE,YES
63.0,no specialisation,FEMALE,
82.0,healthcare,FEMALE,NO
65.0,economy and administration,FEMALE,NO
45.0,no specialisation,MALE,NO
50.0,lack of data,FEMALE,NO
19.0,mathematics and statistics,FEMALE,NO
84.0,healthcare,FEMALE,NO
79.0,veterinary medicine,FEMALE,NO
93.0,art,FEMALE,YES
60.0,architecture and construction,MALE,NO
94.0,journalism and information,MALE,YES
82.0,pedagogics,FEMALE,NO
55.0,production and processing,MALE,NO
62.0,liberal arts,FEMALE,YES
89.0,,FEMALE,NO
37.0,journalism and information,MALE,NO
62.0,protection and safety,FEMALE,YES
94.0,physical sciences,FEMALE,YES
38.0,services for the population and transport services,FEMALE,NO
79.0,veterinary medicine,FEMALE,NO
87.0,social welfare,MALE,NO
26.0,public health,FEMALE,YES
70.0,protection and safety,FEMALE,YES
31.0,healthcare,FEMALE,NO
70.0,art,FEMALE,NO
35.0,architecture and construction,MALE,NO
52.0,economy and administration,FEMALE,NO
90.0,mathematics and statistics,FEMALE,NO
66.0,no specialisation,FEMALE,NO
47.0,public health,FEMALE,NO
77.0,veterinary medicine,FEMALE,NO
80.0,armed forces and country protection,FEMALE,
94.0,armed forces and country protection,FEMALE,YES
22.0,pedagogics,FEMALE,NO
89.0,public health,FEMALE,NO
67.0,social sciences,FEMALE,YES
74.0,technical science,MALE,NO
71.0,veterinary medicine,FEMALE,NO
30.0,liberal arts,FEMALE,NO
34.0,law,FEMALE,NO
39.0,art,MALE,NO
29.0,production and processing,MALE,NO
79.0,production and processing,MALE,NO
41.0,social sciences,FEMALE,YES
33.0,architecture and construction,MALE,NO
68.0,no specialisation,FEMALE,NO
57.0,pedagogics,FEMALE,
35.0,economy and administration,FEMALE,
36.0,biological sciences,MALE,NO
62.0,social sciences,FEMALE,NO
92.0,architecture and construction,MALE,
77.0,no specialisation,MALE,
95.0,armed forces and country protection,MALE,YES
89.0,mathematics and statistics,FEMALE,
72.0,veterinary medicine,FEMALE,NO
92.0,mathematics and statistics,FEMALE,
27.0,social sciences,FEMALE,
23.0,armed forces and country protection,FEMALE,NO
89.0,environmental protection,MALE,
53.0,liberal arts,FEMALE,NO
67.0,liberal arts,FEMALE,NO
48.0,production and processing,MALE,NO
44.0,journalism and information,MALE,NO
63.0,protection and safety,FEMALE,YES
96.0,physical sciences,FEMALE,YES
25.0,liberal arts,FEMALE,NO
72.0,mathematics and statistics,FEMALE,NO
50.0,physical sciences,FEMALE,NO
57.0,architecture and construction,MALE,NO
42.0,services for the population and transport services,FEMALE,YES
25.0,production and processing,MALE,YES
17.0,protection and safety,FEMALE,NO
22.0,not applicable,FEMALE,NO
97.0,armed forces and country protection,FEMALE,YES
70.0,liberal arts,FEMALE,
54.0,liberal arts,FEMALE,NO
80.0,healthcare,FEMALE,
22.0,"agriculture, forestry, fishing",MALE,NO
45.0,public health,FEMALE,NO
84.0,armed forces and country protection,FEMALE,YES
30.0,pedagogics,FEMALE,NO
64.0,protection and safety,FEMALE,
54.0,physical sciences,FEMALE,NO
80.0,veterinary medicine,FEMALE,NO
18.0,armed forces and country protection,FEMALE,NO
45.0,social welfare,MALE,NO
29.0,"agriculture, forestry, fishing",FEMALE,NO
93.0,no specialisation,FEMALE,
55.0,liberal arts,FEMALE,NO
77.0,no specialisation,FEMALE,NO
58.0,lack of data,MALE,NO
86.0,computer science,MALE,NO
77.0,"agriculture, forestry, fishing",FEMALE,NO
17.0,no specialisation,FEMALE,NO
32.0,social sciences,FEMALE,
55.0,law,FEMALE,NO
17.0,economy and administration,MALE,NO
59.0,architecture and construction,MALE,NO
71.0,architecture and construction,MALE,NO
88.0,computer science,MALE,NO
55.0,armed forces and country protection,FEMALE,NO
66.0,environmental protection,MALE,YES
24.0,architecture and construction,MALE,NO
58.0,architecture and construction,MALE,NO
50.0,social sciences,FEMALE,NO
27.0,art,FEMALE,YES
67.0,other,MALE,YES
32.0,public health,FEMALE,NO
48.0,mathematics and statistics,FEMALE,NO
60.0,art,FEMALE,NO
20.0,computer science,FEMALE,NO
75.0,mathematics and statistics,FEMALE,YES
67.0,no specialisation,FEMALE,NO
96.0,journalism and information,MALE,
37.0,services for the population and transport services,FEMALE,NO
90.0,public health,FEMALE,NO
61.0,technical science,MALE,NO
21.0,"agriculture, forestry, fishing",MALE,NO
52.0,technical science,MALE,NO
55.0,liberal arts,FEMALE,NO
85.0,social welfare,MALE,NO
19.0,protection and safety,FEMALE,NO
80.0,,FEMALE,NO
93.0,public health,FEMALE,
66.0,lack of data,FEMALE,NO
64.0,no specialisation,MALE,
83.0,law,FEMALE,NO
58.0,lack of data,MALE,
25.0,environmental protection,MALE,NO
64.0,no specialisation,FEMALE,NO
44.0,production and processing,MALE,YES
90.0,environmental protection,MALE,NO
46.0,no specialisation,MALE,
94.0,armed forces and country protection,FEMALE,
85.0,art,FEMALE,NO
81.0,architecture and construction,MALE,YES
50.0,veterinary medicine,FEMALE,NO
21.0,"agriculture, forestry, fishing",FEMALE,NO
87.0,biological sciences,MALE,NO
49.0,physical sciences,FEMALE,NO
53.0,architecture and construction,MALE,NO
63.0,social welfare,MALE,NO
84.0,protection and safety,FEMALE,NO
70.0,veterinary medicine,FEMALE,YES
19.0,no specialisation,FEMALE,NO
21.0,healthcare,FEMALE,
34.0,not applicable,FEMALE,
80.0,technical science,MALE,NO
16.0,no specialisation,FEMALE,NO
93.0,environmental protection,MALE,NO
85.0,social welfare,MALE,NO
79.0,lack of data,FEMALE,NO
43.0,"agriculture, forestry, fishing",MALE,YES
24.0,economy and administration,MALE,YES
84.0,healthcare,FEMALE,NO
28.0,social sciences,FEMALE,NO
22.0,mathematics and statistics,FEMALE,NO
33.0,mathematics and statistics,FEMALE,
81.0,healthcare,FEMALE,NO
45.0,social welfare,MALE,NO
60.0,technical science,FEMALE,YES
30.0,,FEMALE,NO
68.0,law,FEMALE,NO
70.0,veterinary medicine,FEMALE,NO
69.0,services for the population and transport services,MALE,NO
30.0,production and processing,MALE,NO
27.0,economy and administration,FEMALE,NO
88.0,computer science,FEMALE,NO
85.0,biological sciences,MALE,NO
57.0,technical science,FEMALE,YES
83.0,healthcare,FEMALE,NO
21.0,mathematics and statistics,FEMALE,NO
20.0,no specialisation,FEMALE,NO
36.0,services for the population and transport services,MALE,NO
94.0,social sciences,FEMALE,YES
87.0,art,FEMALE,NO
91.0,mathematics and statistics,FEMALE,NO
41.0,social sciences,MALE,NO
51.0,services for the population and transport services,FEMALE,NO
94.0,armed forces and country protection,FEMALE,YES
25.0,art,FEMALE,YES
38.0,healthcare,FEMALE,NO
55.0,architecture and construction,MALE,NO
22.0,mathematics and statistics,FEMALE,NO
17.0,armed forces and country protection,FEMALE,NO
49.0,other,FEMALE,NO
49.0,economy and administration,FEMALE,NO
23.0,pedagogics,FEMALE,NO
81.0,armed forces and country protection,MALE,NO
51.0,veterinary medicine,FEMALE,YES
41.0,technical science,MALE,NO
54.0,liberal arts,FEMALE,NO
59.0,economy and administration,FEMALE,NO
59.0,economy and administration,FEMALE,NO
80.0,no specialisation,FEMALE,NO
59.0,architecture and construction,MALE,NO
44.0,physical sciences,FEMALE,YES
65.0,liberal arts,MALE,NO
83.0,law,FEMALE,NO
49.0,services for the population and transport services,FEMALE,NO
64.0,protection and safety,FEMALE,NO
78.0,veterinary medicine,FEMALE,NO
75.0,journalism and information,MALE,YES
76.0,technical science,MALE,YES
92.0,public health,FEMALE,
49.0,lack of data,FEMALE,NO
96.0,physical sciences,FEMALE,YES
78.0,healthcare,FEMALE,
63.0,social welfare,MALE,NO
96.0,armed forces and country protection,FEMALE,YES
86.0,computer science,FEMALE,NO
87.0,computer science,FEMALE,NO
29.0,liberal arts,FEMALE,NO
65.0,public health,FEMALE,YES
68.0,no specialisation,FEMALE,NO
79.0,no specialisation,FEMALE,
78.0,"agriculture, forestry, fishing",FEMALE,NO
71.0,mathematics and statistics,FEMALE,NO
81.0,architecture and construction,MALE,NO
25.0,computer science,MALE,NO
66.0,technical science,MALE,YES
36.0,computer science,MALE,NO
75.0,social sciences,FEMALE,NO
69.0,services for the population and transport services,FEMALE,YES
60.0,art,FEMALE,NO
43.0,pedagogics,FEMALE,NO
39.0,armed forces and country protection,FEMALE,NO
18.0,protection and safety,FEMALE,NO
67.0,physical sciences,FEMALE,NO
49.0,services for the population and transport services,FEMALE,NO
68.0,no specialisation,FEMALE,NO
68.0,technical science,MALE,YES
72.0,architecture and construction,MALE,NO
82.0,healthcare,FEMALE,NO
71.0,protection and safety,FEMALE,NO
47.0,mathematics and statistics,FEMALE,
88.0,biological sciences,MALE,NO
93.0,armed forces and country protection,FEMALE,YES
40.0,services for the population and transport services,FEMALE,NO
18.0,no specialisation,MALE,NO
22.0,social welfare,MALE,NO
46.0,public health,FEMALE,NO
24.0,liberal arts,FEMALE,YES
33.0,law,FEMALE,NO
67.0,no specialisation,FEMALE,NO
88.0,social welfare,MALE,NO
59.0,public health,FEMALE,NO
81.0,"agriculture, forestry, fishing",MALE,NO
62.0,protection and safety,FEMALE,
58.0,technical science,MALE,NO
64.0,protection and safety,FEMALE,
94.0,biological sciences,MALE,YES
63.0,no specialisation,MALE,NO
96.0,art,MALE,YES
72.0,lack of data,FEMALE,NO
23.0,technical science,MALE,NO
54.0,technical science,MALE,NO
20.0,healthcare,FEMALE,NO
20.0,healthcare,FEMALE,NO
23.0,pedagogics,FEMALE,NO
73.0,veterinary medicine,FEMALE,NO
62.0,art,FEMALE,NO
91.0,environmental protection,MALE,
47.0,social welfare,MALE,NO
19.0,no specialisation,FEMALE,NO
21.0,technical science,FEMALE,NO
88.0,computer science,FEMALE,NO
82.0,no specialisation,FEMALE,NO
38.0,healthcare,FEMALE,NO
42.0,healthcare,FEMALE,NO
19.0,mathematics and statistics,FEMALE,NO
17.0,mathematics and statistics,FEMALE,NO
69.0,lack of data,FEMALE,NO
23.0,technical science,MALE,NO
32.0,protection and safety,FEMALE,NO
57.0,protection and safety,FEMALE,NO
17.0,healthcare,FEMALE,NO
23.0,pedagogics,FEMALE,NO
28.0,services for the population and transport services,FEMALE,NO
49.0,services for the population and transport services,FEMALE,NO
44.0,journalism and information,MALE,NO
46.0,public health,FEMALE,NO
24.0,public health,FEMALE,NO
86.0,art,FEMALE,NO
46.0,social welfare,MALE,YES
90.0,mathematics and statistics,FEMALE,NO
82.0,no specialisation,FEMALE,NO
74.0,mathematics and statistics,FEMALE,NO
73.0,other,MALE,NO
60.0,physical sciences,FEMALE,NO
62.0,no specialisation,MALE,NO
87.0,social welfare,MALE,NO
49.0,physical sciences,FEMALE,NO
34.0,liberal arts,FEMALE,NO
51.0,mathematics and statistics,FEMALE,NO
39.0,services for the population and transport services,MALE,NO
75.0,journalism and information,MALE,YES
32.0,computer science,MALE,NO
72.0,architecture and construction,MALE,NO
87.0,social welfare,MALE,NO
82.0,technical science,MALE,NO
16.0,armed forces and country protection,FEMALE,NO
77.0,healthcare,FEMALE,NO
56.0,biological sciences,MALE,NO
38.0,armed forces and country protection,FEMALE,NO
35.0,technical science,MALE,NO
69.0,architecture and construction,MALE,NO
70.0,veterinary medicine,FEMALE,NO
36.0,architecture and construction,MALE,NO
72.0,social sciences,FEMALE,NO
57.0,other,FEMALE,NO
65.0,lack of data,FEMALE,NO
44.0,journalism and information,MALE,YES
25.0,public health,FEMALE,NO
35.0,healthcare,FEMALE,NO
19.0,production and processing,MALE,NO
53.0,no specialisation,MALE,NO
28.0,no specialisation,FEMALE,NO
60.0,technical science,FEMALE,YES
67.0,other,FEMALE,YES
75.0,social sciences,FEMALE,YES
30.0,protection and safety,FEMALE,NO
90.0,architecture and construction,MALE,
27.0,public health,FEMALE,NO
17.0,computer science,FEMALE,NO
76.0,technical science,MALE,NO
72.0,architecture and construction,MALE,NO
77.0,healthcare,FEMALE,NO
20.0,armed forces and country protection,FEMALE,NO
16.0,no specialisation,FEMALE,NO
69.0,services for the population and transport services,MALE,NO
90.0,healthcare,FEMALE,
61.0,art,MALE,
29.0,healthcare,FEMALE,NO
38.0,services for the population and transport services,MALE,NO
59.0,art,FEMALE,YES
70.0,economy and administration,MALE,NO
70.0,architecture and construction,MALE,
58.0,protection and safety,FEMALE,NO
86.0,liberal arts,FEMALE,NO
21.0,healthcare,FEMALE,NO
72.0,protection and safety,FEMALE,NO
22.0,healthcare,FEMALE,NO
20.0,protection and safety,FEMALE,NO
52.0,services for the population and transport services,FEMALE,NO
22.0,computer science,FEMALE,NO
33.0,veterinary medicine,FEMALE,
23.0,art,MALE,
22.0,healthcare,FEMALE,NO
55.0,biological sciences,MALE,NO
38.0,journalism and information,MALE,NO
79.0,no specialisation,MALE,NO
89.0,no specialisation,MALE,
76.0,social sciences,MALE,NO
85.0,social welfare,MALE,NO
35.0,computer science,MALE,
51.0,physical sciences,FEMALE,NO
80.0,armed forces and country protection,FEMALE,NO
21.0,mathematics and statistics,FEMALE,NO
84.0,healthcare,FEMALE,NO
78.0,healthcare,FEMALE,NO
18.0,no specialisation,FEMALE,NO
74.0,protection and safety,FEMALE,NO
36.0,architecture and construction,MALE,
48.0,social welfare,MALE,NO
45.0,public health,FEMALE,YES
79.0,biological sciences,MALE,NO
58.0,technical science,MALE,NO
56.0,no specialisation,FEMALE,NO
60.0,,FEMALE,NO
35.0,computer science,MALE,NO
19.0,no specialisation,FEMALE,NO
92.0,healthcare,FEMALE,
21.0,healthcare,FEMALE,NO
44.0,pedagogics,FEMALE,YES
52.0,technical science,MALE,NO
62.0,services for the population and transport services,MALE,NO
19.0,protection and safety,FEMALE,NO
73.0,other,MALE,NO
56.0,technical science,MALE,NO
55.0,no specialisation,MALE,NO
48.0,social welfare,MALE,NO
74.0,social sciences,FEMALE,NO
35.0,computer science,MALE,NO
58.0,public health,FEMALE,NO
80.0,"agriculture, forestry, fishing",MALE,NO
22.0,healthcare,FEMALE,NO
60.0,economy and administration,MALE,YES
61.0,no specialisation,FEMALE,
89.0,public health,FEMALE,NO
89.0,architecture and construction,MALE,
53.0,no specialisation,FEMALE,NO
76.0,technical science,MALE,NO
64.0,economy and administration,FEMALE,NO
30.0,production and processing,MALE,NO
32.0,pedagogics,FEMALE,NO
80.0,"agriculture, forestry, fishing",MALE,NO
19.0,no specialisation,FEMALE,NO
19.0,protection and safety,FEMALE,NO
57.0,architecture and construction,MALE,NO
22.0,social welfare,MALE,
91.0,no specialisation,MALE,NO
81.0,"agriculture, forestry, fishing",FEMALE,NO
25.0,economy and administration,FEMALE,NO
49.0,veterinary medicine,FEMALE,NO
71.0,pedagogics,FEMALE,NO
37.0,armed forces and country protection,MALE,NO
20.0,healthcare,FEMALE,NO
18.0,mathematics and statistics,FEMALE,NO
60.0,"agriculture, forestry, fishing",MALE,NO
27.0,liberal arts,MALE,
88.0,no specialisation,FEMALE,NO
25.0,economy and administration,FEMALE,YES
29.0,pedagogics,FEMALE,NO
91.0,public health,FEMALE,
73.0,economy and administration,FEMALE,NO
43.0,physical sciences,FEMALE,YES
44.0,physical sciences,FEMALE,NO
22.0,technical science,MALE,NO
83.0,services for the population and transport services,FEMALE,NO
65.0,social sciences,FEMALE,
69.0,no specialisation,MALE,NO
88.0,computer science,FEMALE,NO
35.0,,FEMALE,NO
36.0,art,FEMALE,NO
47.0,no specialisation,MALE,NO
90.0,architecture and construction,MALE,NO
63.0,technical science,MALE,
72.0,veterinary medicine,FEMALE,NO
63.0,protection and safety,FEMALE,YES
50.0,journalism and information,MALE,NO
68.0,environmental protection,MALE,NO
91.0,environmental protection,MALE,NO
18.0,armed forces and country protection,MALE,NO
67.0,no specialisation,FEMALE,NO
88.0,art,MALE,NO
90.0,healthcare,FEMALE,
93.0,physical sciences,FEMALE,YES
46.0,protection and safety,FEMALE,YES
32.0,"agriculture, forestry, fishing",MALE,NO
75.0,mathematics and statistics,FEMALE,YES
96.0,production and processing,MALE,YES
79.0,social sciences,FEMALE,NO
67.0,no specialisation,FEMALE,NO
80.0,veterinary medicine,FEMALE,
66.0,environmental protection,MALE,NO
76.0,"agriculture, forestry, fishing",MALE,YES
45.0,no specialisation,FEMALE,NO
68.0,environmental protection,MALE,YES
85.0,services for the population and transport services,FEMALE,NO
28.0,economy and administration,FEMALE,NO
83.0,healthcare,FEMALE,NO
72.0,services for the population and transport services,FEMALE,NO
18.0,protection and safety,FEMALE,NO
71.0,other,FEMALE,YES
64.0,protection and safety,FEMALE,
39.0,mathematics and statistics,FEMALE,NO
81.0,"agriculture, forestry, fishing",FEMALE,NO
21.0,"agriculture, forestry, fishing",FEMALE,NO
20.0,no specialisation,FEMALE,NO
56.0,architecture and construction,MALE,NO
71.0,architecture and construction,MALE,NO
72.0,veterinary medicine,FEMALE,NO
41.0,social sciences,FEMALE,NO
88.0,art,FEMALE,NO
76.0,"agriculture, forestry, fishing",FEMALE,NO
43.0,technical science,MALE,NO
89.0,healthcare,FEMALE,NO
24.0,computer science,MALE,NO
61.0,protection and safety,FEMALE,NO
94.0,armed forces and country protection,MALE,YES
92.0,environmental protection,MALE,
70.0,veterinary medicine,FEMALE,NO
96.0,physical sciences,FEMALE,YES
63.0,no specialisation,MALE,NO
54.0,liberal arts,FEMALE,NO
40.0,services for the population and transport services,MALE,NO
69.0,art,FEMALE,NO
79.0,veterinary medicine,FEMALE,NO
52.0,social sciences,MALE,NO
17.0,physical sciences,FEMALE,NO
92.0,architecture and construction,MALE,NO
17.0,protection and safety,FEMALE,NO
20.0,technical science,MALE,NO
87.0,no specialisation,FEMALE,NO
75.0,journalism and information,MALE,YES
20.0,armed forces and country protection,FEMALE,NO
47.0,public health,FEMALE,YES
21.0,social welfare,MALE,NO
81.0,armed forces and country protection,MALE,NO
45.0,public health,FEMALE,NO
20.0,"agriculture, forestry, fishing",MALE,NO
79.0,veterinary medicine,FEMALE,NO
65.0,physical sciences,FEMALE,NO
24.0,not applicable,FEMALE,
80.0,healthcare,FEMALE,NO
77.0,technical science,MALE,YES
90.0,environmental protection,MALE,
72.0,social sciences,FEMALE,NO
52.0,veterinary medicine,FEMALE,YES
23.0,services for the population and transport services,MALE,NO
66.0,no specialisation,FEMALE,YES
59.0,architecture and construction,MALE,NO
31.0,no specialisation,FEMALE,NO
22.0,mathematics and statistics,FEMALE,NO
33.0,computer science,MALE,NO
20.0,mathematics and statistics,FEMALE,NO
77.0,lack of data,FEMALE,NO
57.0,art,MALE,YES
75.0,mathematics and statistics,FEMALE,NO
67.0,environmental protection,MALE,YES
64.0,no specialisation,FEMALE,
32.0,architecture and construction,MALE,
23.0,technical science,MALE,NO
69.0,services for the population and transport services,FEMALE,NO
22.0,not applicable,FEMALE,NO
51.0,social sciences,FEMALE,NO
51.0,veterinary medicine,FEMALE,NO
40.0,armed forces and country protection,MALE,NO
46.0,physical sciences,FEMALE,NO
87.0,,FEMALE,NO
57.0,,FEMALE,NO
59.0,pedagogics,FEMALE,NO
88.0,art,FEMALE,NO
21.0,pedagogics,FEMALE,NO
74.0,"agriculture, forestry, fishing",FEMALE,YES
88.0,computer science,MALE,NO
78.0,veterinary medicine,FEMALE,NO
21.0,healthcare,FEMALE,NO
97.0,physical sciences,FEMALE,YES
93.0,healthcare,FEMALE,
57.0,technical science,MALE,NO
20.0,protection and safety,FEMALE,NO
22.0,healthcare,FEMALE,NO
49.0,services for the population and transport services,FEMALE,NO
83.0,armed forces and country protection,FEMALE,NO
67.0,liberal arts,FEMALE,NO
85.0,computer science,MALE,NO
31.0,production and processing,MALE,NO
96.0,armed forces and country protection,FEMALE,YES
65.0,liberal arts,FEMALE,YES
67.0,environmental protection,MALE,NO
46.0,no specialisation,MALE,NO
94.0,journalism and information,MALE,
46.0,protection and safety,FEMALE,NO
21.0,"agriculture, forestry, fishing",MALE,NO
42.0,physical sciences,FEMALE,NO
27.0,economy and administration,FEMALE,NO
18.0,environmental protection,MALE,NO
30.0,services for the population and transport services,FEMALE,NO
71.0,veterinary medicine,FEMALE,NO
36.0,healthcare,FEMALE,NO
94.0,social sciences,FEMALE,YES
96.0,armed forces and country protection,MALE,
45.0,physical sciences,FEMALE,
22.0,public health,FEMALE,NO
86.0,art,FEMALE,NO
70.0,mathematics and statistics,FEMALE,NO
68.0,technical science,MALE,NO
55.0,armed forces and country protection,MALE,NO
24.0,"agriculture, forestry, fishing",FEMALE,NO
84.0,pedagogics,FEMALE,NO
69.0,mathematics and statistics,FEMALE,NO
78.0,services for the population and transport services,FEMALE,NO
40.0,technical science,MALE,NO
23.0,healthcare,FEMALE,NO
85.0,liberal arts,MALE,NO
64.0,no specialisation,MALE,
21.0,pedagogics,FEMALE,NO
78.0,veterinary medicine,FEMALE,NO
16.0,protection and safety,FEMALE,NO
86.0,liberal arts,MALE,NO
18.0,environmental protection,MALE,NO
77.0,technical science,MALE,NO
96.0,art,FEMALE,YES
19.0,protection and safety,FEMALE,NO
54.0,technical science,MALE,NO
56.0,production and processing,MALE,NO
89.0,mathematics and statistics,FEMALE,
24.0,computer science,FEMALE,NO
58.0,lack of data,FEMALE,YES
36.0,protection and safety,FEMALE,NO
27.0,production and processing,MALE,NO
43.0,technical science,FEMALE,NO
87.0,social welfare,MALE,NO
52.0,services for the population and transport services,FEMALE,NO
66.0,technical science,MALE,YES
49.0,environmental protection,MALE,NO
19.0,lack of data,MALE,NO
65.0,law,FEMALE,NO
26.0,other,MALE,NO
26.0,production and processing,MALE,
81.0,healthcare,FEMALE,NO
21.0,"agriculture, forestry, fishing",FEMALE,
53.0,liberal arts,FEMALE,NO
35.0,healthcare,FEMALE,NO
67.0,technical science,MALE,NO
20.0,social welfare,MALE,NO
70.0,social sciences,FEMALE,NO
30.0,production and processing,MALE,NO
96.0,journalism and information,MALE,
22.0,not applicable,FEMALE,
93.0,services for the population and transport services,MALE,YES
16.0,armed forces and country protection,MALE,NO
64.0,services for the population and transport services,FEMALE,
56.0,architecture and construction,MALE,NO
96.0,services for the population and transport services,MALE,YES
62.0,services for the population and transport services,FEMALE,NO
55.0,architecture and construction,MALE,NO
89.0,physical sciences,FEMALE,
68.0,no specialisation,MALE,NO
86.0,biological sciences,MALE,NO
24.0,art,MALE,NO
58.0,public health,FEMALE,NO
65.0,other,MALE,NO
52.0,veterinary medicine,FEMALE,NO
47.0,veterinary medicine,FEMALE,NO
29.0,,FEMALE,NO
93.0,armed forces and country protection,MALE,YES
54.0,technical science,MALE,NO
69.0,economy and administration,FEMALE,NO
91.0,mathematics and statistics,FEMALE,NO
29.0,public health,FEMALE,NO
33.0,computer science,MALE,NO
28.0,other,MALE,YES
23.0,computer science,FEMALE,NO
94.0,armed forces and country protection,FEMALE,
97.0,armed forces and country protection,FEMALE,YES
67.0,lack of data,FEMALE,YES
93.0,"agriculture, forestry, fishing",FEMALE,NO
71.0,mathematics and statistics,FEMALE,NO
20.0,production and processing,MALE,NO
35.0,liberal arts,FEMALE,
69.0,architecture and construction,MALE,NO
82.0,architecture and construction,MALE,NO
90.0,healthcare,FEMALE,NO
94.0,biological sciences,MALE,YES
78.0,veterinary medicine,FEMALE,NO
86.0,art,FEMALE,NO
40.0,services for the population and transport services,MALE,NO
26.0,pedagogics,FEMALE,NO
68.0,other,MALE,YES
53.0,no specialisation,FEMALE,NO
51.0,veterinary medicine,FEMALE,NO
16.0,lack of data,FEMALE,NO
97.0,services for the population and transport services,FEMALE,
65.0,other,MALE,YES
54.0,liberal arts,FEMALE,NO
72.0,veterinary medicine,FEMALE,NO
24.0,pedagogics,FEMALE,
16.0,armed forces and country protection,FEMALE,NO
92.0,mathematics and statistics,FEMALE,
30.0,services for the population and transport services,FEMALE,NO
61.0,protection and safety,FEMALE,
23.0,technical science,MALE,NO
89.0,environmental protection,MALE,
91.0,public health,FEMALE,NO
23.0,mathematics and statistics,FEMALE,NO
84.0,pedagogics,FEMALE,YES
78.0,veterinary medicine,FEMALE,NO
49.0,veterinary medicine,FEMALE,NO
42.0,social sciences,FEMALE,NO
68.0,lack of data,FEMALE,YES
21.0,social welfare,MALE,YES
21.0,physical sciences,FEMALE,NO
17.0,mathematics and statistics,FEMALE,NO
22.0,architecture and construction,MALE,NO
30.0,public health,FEMALE,NO
85.0,no specialisation,FEMALE,NO
38.0,services for the population and transport services,FEMALE,NO
59.0,public health,FEMALE,YES
97.0,services for the population and transport services,MALE,YES
91.0,healthcare,FEMALE,NO
70.0,services for the population and transport services,FEMALE,NO
46.0,not applicable,FEMALE,NO
66.0,no specialisation,MALE,YES
42.0,production and processing,MALE,NO
79.0,"agriculture, forestry, fishing",FEMALE,NO
95.0,armed forces and country protection,FEMALE,
22.0,healthcare,FEMALE,
72.0,veterinary medicine,FEMALE,NO
24.0,art,FEMALE,NO
92.0,healthcare,FEMALE,
58.0,architecture and construction,MALE,NO
81.0,healthcare,FEMALE,NO
83.0,healthcare,FEMALE,NO
67.0,technical science,MALE,NO
70.0,social sciences,FEMALE,NO
65.0,liberal arts,MALE,NO
29.0,"agriculture, forestry, fishing",MALE,NO
76.0,social sciences,FEMALE,NO
85.0,production and processing,MALE,YES
37.0,art,FEMALE,NO
32.0,,FEMALE,NO
77.0,armed forces and country protection,FEMALE,NO
88.0,social welfare,MALE,NO
28.0,healthcare,FEMALE,NO
91.0,mathematics and statistics,FEMALE,NO
80.0,services for the population and transport services,MALE,NO
30.0,production and processing,MALE,NO
52.0,technical science,MALE,NO
67.0,physical sciences,FEMALE,NO
43.0,architecture and construction,MALE,NO
61.0,social welfare,MALE,NO
25.0,public health,FEMALE,NO
18.0,protection and safety,FEMALE,NO
35.0,architecture and construction,MALE,NO
56.0,liberal arts,FEMALE,NO
94.0,biological sciences,MALE,YES
50.0,services for the population and transport services,MALE,NO
36.0,protection and safety,FEMALE,NO
86.0,social welfare,MALE,NO
75.0,veterinary medicine,FEMALE,YES
52.0,services for the population and transport services,FEMALE,NO
59.0,,FEMALE,NO
64.0,physical sciences,FEMALE,
69.0,architecture and construction,MALE,NO
24.0,"agriculture, forestry, fishing",MALE,NO
94.0,journalism and information,MALE,YES
39.0,services for the population and transport services,FEMALE,NO
86.0,social welfare,MALE,NO
51.0,veterinary medicine,FEMALE,NO
82.0,architecture and construction,MALE,NO
58.0,architecture and construction,MALE,NO
39.0,technical science,MALE,NO
82.0,healthcare,FEMALE,NO
72.0,other,FEMALE,NO
50.0,veterinary medicine,FEMALE,NO
33.0,liberal arts,FEMALE,NO
55.0,production and processing,MALE,NO
65.0,liberal arts,FEMALE,NO
46.0,public health,FEMALE,NO
46.0,no specialisation,FEMALE,NO
69.0,economy and administration,MALE,
27.0,environmental protection,MALE,NO
19.0,environmental protection,MALE,NO
64.0,no specialisation,MALE,NO
18.0,protection and safety,FEMALE,NO
75.0,technical science,MALE,NO
69.0,protection and safety,FEMALE,YES
21.0,services for the population and transport services,MALE,NO
78.0,biological sciences,MALE,
67.0,law,FEMALE,YES
68.0,liberal arts,MALE,NO
58.0,production and processing,MALE,NO
84.0,healthcare,FEMALE,NO
84.0,healthcare,FEMALE,NO
72.0,lack of data,FEMALE,NO
21.0,services for the population and transport services,FEMALE,NO
21.0,pedagogics,FEMALE,NO
36.0,architecture and construction,MALE,
72.0,architecture and construction,MALE,NO
66.0,lack of data,MALE,NO
28.0,public health,FEMALE,YES
80.0,production and processing,MALE,
17.0,protection and safety,FEMALE,NO
67.0,public health,FEMALE,NO
82.0,healthcare,FEMALE,NO
23.0,not applicable,FEMALE,NO
24.0,not applicable,FEMALE,NO
48.0,public health,FEMALE,NO
76.0,veterinary medicine,FEMALE,NO
21.0,healthcare,FEMALE,
48.0,services for the population and transport services,FEMALE,NO
20.0,production and processing,MALE,NO
30.0,pedagogics,FEMALE,NO
40.0,services for the population and transport services,MALE,NO
63.0,technical science,MALE,
60.0,architecture and construction,MALE,NO
97.0,art,FEMALE,YES
96.0,public health,FEMALE,YES
84.0,architecture and construction,MALE,NO
53.0,no specialisation,MALE,NO
20.0,computer science,MALE,NO
18.0,environmental protection,MALE,NO
23.0,protection and safety,FEMALE,NO
76.0,"agriculture, forestry, fishing",MALE,NO
22.0,social welfare,MALE,NO
35.0,mathematics and statistics,FEMALE,NO
79.0,no specialisation,FEMALE,
21.0,not applicable,FEMALE,NO
59.0,production and processing,MALE,NO
40.0,journalism and information,MALE,NO
93.0,armed forces and country protection,FEMALE,YES
23.0,healthcare,FEMALE,NO
59.0,biological sciences,MALE,NO
70.0,other,MALE,NO
80.0,healthcare,FEMALE,NO
73.0,veterinary medicine,FEMALE,NO
52.0,veterinary medicine,FEMALE,NO
44.0,physical sciences,FEMALE,NO
67.0,physical sciences,FEMALE,NO
49.0,veterinary medicine,FEMALE,NO
22.0,social welfare,MALE,NO
26.0,public health,FEMALE,NO
21.0,healthcare,FEMALE,NO
50.0,lack of data,MALE,NO
88.0,computer science,MALE,NO
20.0,no specialisation,MALE,NO
87.0,,FEMALE,NO
60.0,technical science,MALE,NO
81.0,armed forces and country protection,FEMALE,NO
24.0,"agriculture, forestry, fishing",MALE,
76.0,technical science,MALE,NO
21.0,not applicable,FEMALE,NO
36.0,computer science,MALE,NO
28.0,production and processing,MALE,NO
32.0,production and processing,MALE,NO
83.0,armed forces and country protection,FEMALE,NO
91.0,environmental protection,MALE,
90.0,architecture and construction,MALE,
88.0,computer science,MALE,NO
86.0,art,FEMALE,NO
85.0,computer science,FEMALE,NO
53.0,production and processing,MALE,NO
54.0,architecture and construction,MALE,NO
97.0,armed forces and country protection,FEMALE,YES
87.0,art,FEMALE,NO
85.0,healthcare,FEMALE,NO
24.0,healthcare,FEMALE,NO
24.0,environmental protection,MALE,YES
67.0,public health,FEMALE,NO
30.0,,FEMALE,NO
63.0,no specialisation,MALE,NO
62.0,technical science,MALE,
54.0,liberal arts,FEMALE,NO
81.0,armed forces and country protection,MALE,NO
56.0,liberal arts,FEMALE,NO
34.0,healthcare,FEMALE,NO
19.0,no specialisation,FEMALE,NO
30.0,production and processing,MALE,NO
90.0,no specialisation,FEMALE,
67.0,technical science,MALE,NO
21.0,social welfare,MALE,
19.0,protection and safety,FEMALE,NO
56.0,no specialisation,FEMALE,NO
57.0,art,MALE,NO
53.0,liberal arts,FEMALE,NO
16.0,protection and safety,FEMALE,NO
82.0,healthcare,FEMALE,NO
85.0,armed forces and country protection,FEMALE,NO
55.0,technical science,MALE,NO
17.0,protection and safety,FEMALE,NO
94.0,physical sciences,FEMALE,YES
69.0,services for the population and transport services,FEMALE,NO
61.0,social sciences,FEMALE,
40.0,no specialisation,MALE,NO
45.0,social welfare,MALE,NO
80.0,technical science,MALE,NO
27.0,environmental protection,MALE,NO
41.0,pedagogics,FEMALE,NO
18.0,no specialisation,MALE,NO
73.0,not applicable,FEMALE,YES
68.0,technical science,MALE,NO
22.0,healthcare,FEMALE,NO
23.0,veterinary medicine,FEMALE,NO
79.0,technical science,MALE,NO
92.0,mathematics and statistics,FEMALE,NO
40.0,services for the population and transport services,FEMALE,NO
59.0,public health,FEMALE,
20.0,production and processing,MALE,NO
82.0,healthcare,FEMALE,NO
85.0,computer science,MALE,NO
52.0,production and processing,MALE,NO
94.0,social sciences,FEMALE,YES
80.0,"agriculture, forestry, fishing",FEMALE,NO
46.0,production and processing,MALE,NO
21.0,mathematics and statistics,FEMALE,
79.0,technical science,MALE,
24.0,healthcare,FEMALE,NO
46.0,no specialisation,MALE,
62.0,no specialisation,MALE,
20.0,art,FEMALE,NO
22.0,protection and safety,FEMALE,NO
61.0,social sciences,MALE,NO
54.0,architecture and construction,MALE,NO
22.0,healthcare,FEMALE,NO
43.0,architecture and construction,MALE,YES
49.0,veterinary medicine,FEMALE,NO
36.0,production and processing,MALE,NO
80.0,veterinary medicine,FEMALE,
91.0,no specialisation,FEMALE,
97.0,services for the population and transport services,FEMALE,YES
22.0,law,FEMALE,
95.0,journalism and information,MALE,YES
69.0,law,FEMALE,NO
31.0,production and processing,MALE,NO
50.0,lack of data,FEMALE,NO
75.0,technical science,MALE,YES
50.0,veterinary medicine,FEMALE,NO
59.0,"agriculture, forestry, fishing",FEMALE,NO
90.0,computer science,MALE,
20.0,armed forces and country protection,FEMALE,NO
70.0,architecture and construction,MALE,NO
58.0,economy and administration,FEMALE,NO
34.0,mathematics and statistics,FEMALE,NO
72.0,social sciences,FEMALE,NO
28.0,computer science,FEMALE,NO
20.0,no specialisation,MALE,NO
67.0,technical science,MALE,NO
54.0,production and processing,MALE,NO
95.0,services for the population and transport services,FEMALE,YES
34.0,not applicable,FEMALE,NO
74.0,veterinary medicine,FEMALE,YES
29.0,pedagogics,FEMALE,NO
93.0,architecture and construction,MALE,
91.0,computer science,FEMALE,NO
65.0,liberal arts,FEMALE,NO
22.0,pedagogics,FEMALE,NO
46.0,public health,FEMALE,NO
71.0,liberal arts,FEMALE,NO
73.0,protection and safety,FEMALE,
52.0,services for the population and transport services,FEMALE,NO
22.0,healthcare,FEMALE,NO
47.0,veterinary medicine,FEMALE,NO
79.0,production and processing,MALE,NO
87.0,social welfare,MALE,NO
95.0,other,MALE,YES
21.0,public health,FEMALE,NO
59.0,public health,FEMALE,NO
65.0,technical science,MALE,NO
38.0,art,FEMALE,NO
60.0,other,FEMALE,NO
90.0,mathematics and statistics,FEMALE,
44.0,technical science,MALE,YES
97.0,armed forces and country protection,FEMALE,YES
71.0,veterinary medicine,FEMALE,NO
85.0,social welfare,MALE,NO
45.0,architecture and construction,MALE,NO
17.0,no specialisation,FEMALE,NO
58.0,protection and safety,FEMALE,NO
25.0,public health,FEMALE,NO
84.0,technical science,MALE,YES
22.0,services for the population and transport services,FEMALE,NO
17.0,healthcare,FEMALE,NO
36.0,no specialisation,FEMALE,NO
70.0,protection and safety,FEMALE,NO
69.0,art,FEMALE,NO
16.0,computer science,MALE,NO
67.0,no specialisation,FEMALE,YES
85.0,healthcare,FEMALE,NO
49.0,social sciences,FEMALE,NO
27.0,pedagogics,FEMALE,YES
37.0,journalism and information,MALE,NO
40.0,social sciences,MALE,NO
40.0,services for the population and transport services,MALE,NO
88.0,,FEMALE,NO
69.0,social sciences,MALE,NO
90.0,mathematics and statistics,FEMALE,
94.0,armed forces and country protection,FEMALE,
44.0,social sciences,FEMALE,NO
58.0,architecture and construction,MALE,NO
40.0,journalism and information,MALE,NO
79.0,technical science,MALE,NO
78.0,veterinary medicine,FEMALE,NO
96.0,physical sciences,FEMALE,
31.0,production and processing,MALE,NO
70.0,architecture and construction,MALE,NO
18.0,no specialisation,FEMALE,NO
23.0,not applicable,FEMALE,NO
31.0,healthcare,FEMALE,NO
92.0,architecture and construction,MALE,NO
31.0,economy and administration,FEMALE,NO
71.0,lack of data,FEMALE,NO
16.0,mathematics and statistics,FEMALE,NO
48.0,pedagogics,FEMALE,NO
19.0,protection and safety,FEMALE,NO
90.0,healthcare,FEMALE,
23.0,healthcare,FEMALE,NO
79.0,"agriculture, forestry, fishing",MALE,NO
39.0,architecture and construction,MALE,NO
66.0,environmental protection,MALE,YES
67.0,public health,FEMALE,NO
55.0,physical sciences,FEMALE,NO
65.0,public health,FEMALE,YES
30.0,public health,FEMALE,NO
45.0,social sciences,FEMALE,NO
61.0,protection and safety,FEMALE,NO
80.0,veterinary medicine,FEMALE,NO
73.0,technical science,MALE,NO
32.0,pedagogics,FEMALE,NO
58.0,pedagogics,FEMALE,NO
91.0,architecture and construction,MALE,
30.0,,FEMALE,NO
58.0,art,FEMALE,NO
90.0,public health,FEMALE,NO
39.0,services for the population and transport services,FEMALE,NO
21.0,law,FEMALE,
19.0,computer science,MALE,NO
94.0,armed forces and country protection,FEMALE,YES
66.0,public health,FEMALE,NO
58.0,mathematics and statistics,FEMALE,NO
64.0,protection and safety,FEMALE,NO
20.0,technical science,FEMALE,YES
63.0,art,FEMALE,NO
40.0,technical science,MALE,YES
22.0,liberal arts,FEMALE,NO
84.0,healthcare,FEMALE,YES
79.0,technical science,MALE,
78.0,,FEMALE,NO
21.0,computer science,FEMALE,YES
30.0,production and processing,MALE,NO
94.0,armed forces and country protection,MALE,
29.0,production and processing,MALE,NO
51.0,social sciences,FEMALE,NO
31.0,production and processing,MALE,NO
24.0,mathematics and statistics,FEMALE,
89.0,liberal arts,FEMALE,NO
34.0,liberal arts,MALE,
45.0,pedagogics,FEMALE,NO
21.0,social welfare,MALE,
75.0,technical science,MALE,NO
59.0,architecture and construction,MALE,NO
89.0,biological sciences,MALE,NO
81.0,armed forces and country protection,MALE,NO
85.0,computer science,MALE,NO
76.0,journalism and information,MALE,YES
84.0,no specialisation,FEMALE,NO
23.0,physical sciences,FEMALE,YES
18.0,protection and safety,FEMALE,NO
47.0,social welfare,MALE,
58.0,,FEMALE,NO
57.0,production and processing,MALE,NO
62.0,social sciences,FEMALE,NO
80.0,services for the population and transport services,FEMALE,
44.0,healthcare,FEMALE,NO
89.0,social welfare,MALE,NO
72.0,architecture and construction,MALE,NO
47.0,"agriculture, forestry, fishing",MALE,NO
79.0,environmental protection,MALE,NO
31.0,no specialisation,FEMALE,NO
94.0,physical sciences,FEMALE,
97.0,armed forces and country protection,FEMALE,YES
31.0,production and processing,MALE,NO
79.0,services for the population and transport services,FEMALE,
87.0,computer science,MALE,NO
19.0,mathematics and statistics,FEMALE,NO
67.0,no specialisation,FEMALE,YES
64.0,mathematics and statistics,FEMALE,NO
95.0,services for the population and transport services,FEMALE,YES
70.0,veterinary medicine,FEMALE,NO
38.0,services for the population and transport services,MALE,NO
82.0,architecture and construction,MALE,YES
40.0,services for the population and transport services,FEMALE,NO
36.0,architecture and construction,MALE,NO
59.0,economy and administration,FEMALE,NO
21.0,art,FEMALE,NO
20.0,computer science,MALE,NO
65.0,no specialisation,FEMALE,YES
46.0,production and processing,MALE,NO
84.0,no specialisation,FEMALE,NO
33.0,veterinary medicine,FEMALE,NO
19.0,economy and administration,FEMALE,NO
48.0,public health,FEMALE,NO
88.0,social welfare,MALE,NO
50.0,other,MALE,NO
19.0,mathematics and statistics,FEMALE,NO
44.0,pedagogics,FEMALE,YES
48.0,mathematics and statistics,FEMALE,YES
50.0,other,FEMALE,NO
71.0,mathematics and statistics,FEMALE,NO
53.0,liberal arts,FEMALE,NO
18.0,protection and safety,FEMALE,NO
90.0,architecture and construction,MALE,NO
79.0,biological sciences,MALE,NO
50.0,social sciences,MALE,NO
59.0,public health,FEMALE,
23.0,healthcare,FEMALE,NO
54.0,law,FEMALE,NO
73.0,technical science,MALE,YES
51.0,services for the population and transport services,FEMALE,NO
51.0,physical sciences,FEMALE,NO
24.0,computer science,MALE,NO
90.0,architecture and construction,MALE,
91.0,mathematics and statistics,FEMALE,
55.0,production and processing,MALE,NO
52.0,social sciences,FEMALE,NO
51.0,social sciences,FEMALE,NO
77.0,"agriculture, forestry, fishing",MALE,
25.0,economy and administration,FEMALE,
84.0,healthcare,FEMALE,NO
87.0,computer science,FEMALE,NO
48.0,services for the population and transport services,FEMALE,YES
46.0,public health,FEMALE,NO
17.0,no specialisation,FEMALE,NO
73.0,veterinary medicine,FEMALE,YES
89.0,art,FEMALE,NO
53.0,technical science,MALE,NO
96.0,armed forces and country protection,FEMALE,YES
63.0,art,MALE,NO
62.0,protection and safety,FEMALE,
55.0,armed forces and country protection,FEMALE,NO
65.0,other,MALE,NO
93.0,mathematics and statistics,FEMALE,NO
46.0,protection and safety,FEMALE,NO
48.0,technical science,MALE,NO
26.0,public health,FEMALE,NO
51.0,social sciences,FEMALE,NO
78.0,"agriculture, forestry, fishing",FEMALE,NO
23.0,healthcare,FEMALE,NO
68.0,no specialisation,MALE,YES
62.0,mathematics and statistics,FEMALE,YES
32.0,economy and administration,MALE,NO
81.0,healthcare,FEMALE,NO
80.0,technical science,FEMALE,NO
22.0,healthcare,FEMALE,NO
73.0,journalism and information,MALE,NO
74.0,"agriculture, forestry, fishing",FEMALE,NO
27.0,social sciences,FEMALE,NO
21.0,art,FEMALE,NO
92.0,computer science,FEMALE,
70.0,environmental protection,MALE,NO
86.0,social welfare,MALE,NO
22.0,computer science,MALE,NO
50.0,services for the population and transport services,FEMALE,NO
52.0,services for the population and transport services,FEMALE,NO
54.0,technical science,MALE,NO
20.0,armed forces and country protection,FEMALE,NO
25.0,computer science,FEMALE,NO
47.0,public health,FEMALE,
22.0,computer science,MALE,NO
37.0,healthcare,FEMALE,NO
97.0,biological sciences,MALE,YES
54.0,biological sciences,MALE,NO
46.0,no specialisation,MALE,YES
84.0,armed forces and country protection,MALE,YES
77.0,healthcare,FEMALE,NO
50.0,mathematics and statistics,FEMALE,NO
79.0,"agriculture, forestry, fishing",FEMALE,NO
36.0,liberal arts,FEMALE,
84.0,architecture and construction,MALE,NO
48.0,no specialisation,MALE,NO
21.0,services for the population and transport services,FEMALE,NO
46.0,services for the population and transport services,FEMALE,NO
81.0,architecture and construction,MALE,NO
21.0,pedagogics,FEMALE,NO
50.0,social sciences,FEMALE,NO
62.0,economy and administration,FEMALE,
46.0,public health,FEMALE,NO
56.0,technical science,MALE,NO
69.0,services for the population and transport services,FEMALE,NO
96.0,armed forces and country protection,MALE,YES
75.0,"agriculture, forestry, fishing",FEMALE,NO
86.0,computer science,FEMALE,NO
91.0,environmental protection,MALE,NO
49.0,physical sciences,FEMALE,NO
71.0,liberal arts,FEMALE,NO
32.0,protection and safety,FEMALE,
96.0,journalism and information,MALE,YES
94.0,art,MALE,YES
90.0,healthcare,FEMALE,
48.0,social welfare,MALE,NO
75.0,veterinary medicine,FEMALE,YES
91.0,computer science,FEMALE,NO
52.0,services for the population and transport services,FEMALE,NO
77.0,environmental protection,MALE,NO
47.0,social welfare,MALE,NO
79.0,biological sciences,MALE,NO
19.0,production and processing,MALE,NO
55.0,architecture and construction,MALE,NO
34.0,veterinary medicine,FEMALE,NO
71.0,protection and safety,FEMALE,NO
52.0,social sciences,FEMALE,NO
58.0,other,MALE,NO
55.0,no specialisation,FEMALE,NO
55.0,physical sciences,FEMALE,NO
20.0,no specialisation,FEMALE,NO
47.0,no specialisation,FEMALE,NO
97.0,public health,FEMALE,
95.0,biological sciences,MALE,
87.0,biological sciences,MALE,NO
72.0,mathematics and statistics,FEMALE,YES
21.0,healthcare,FEMALE,NO
82.0,architecture and construction,MALE,NO
44.0,social sciences,FEMALE,YES
21.0,public health,FEMALE,NO
24.0,not applicable,FEMALE,NO
76.0,veterinary medicine,FEMALE,YES
82.0,architecture and construction,MALE,NO
32.0,public health,FEMALE,NO
69.0,environmental protection,MALE,YES
66.0,lack of data,FEMALE,YES
27.0,computer science,MALE,NO
72.0,services for the population and transport services,MALE,NO
28.0,art,FEMALE,NO
52.0,social sciences,FEMALE,YES
46.0,production and processing,MALE,NO
43.0,architecture and construction,MALE,NO
72.0,services for the population and transport services,FEMALE,NO
40.0,physical sciences,FEMALE,NO
55.0,technical science,MALE,NO
90.0,public health,FEMALE,
73.0,other,FEMALE,NO
63.0,social sciences,MALE,NO
36.0,healthcare,FEMALE,YES
22.0,not applicable,FEMALE,NO
21.0,healthcare,FEMALE,NO
75.0,veterinary medicine,FEMALE,NO
26.0,economy and administration,FEMALE,NO
75.0,"agriculture, forestry, fishing",MALE,YES
30.0,healthcare,FEMALE,NO
85.0,no specialisation,MALE,NO
36.0,"agriculture, forestry, fishing",FEMALE,NO
28.0,other,MALE,NO
61.0,social welfare,MALE,NO
33.0,protection and safety,FEMALE,NO
46.0,physical sciences,FEMALE,NO
47.0,veterinary medicine,FEMALE,NO
69.0,veterinary medicine,FEMALE,NO
96.0,services for the population and transport services,MALE,YES
83.0,pedagogics,FEMALE,NO
17.0,no specialisation,MALE,NO
92.0,"agriculture, forestry, fishing",FEMALE,NO
43.0,pedagogics,FEMALE,YES
58.0,,FEMALE,YES
71.0,services for the population and transport services,FEMALE,NO
24.0,healthcare,FEMALE,NO
24.0,art,FEMALE,NO
63.0,services for the population and transport services,FEMALE,NO
48.0,public health,FEMALE,NO
71.0,veterinary medicine,FEMALE,NO
61.0,social welfare,MALE,
71.0,other,MALE,
96.0,armed forces and country protection,FEMALE,
38.0,no specialisation,MALE,NO
79.0,healthcare,FEMALE,NO
78.0,no specialisation,FEMALE,
78.0,healthcare,FEMALE,NO
72.0,social sciences,FEMALE,YES
71.0,social sciences,FEMALE,NO
83.0,healthcare,FEMALE,YES
25.0,pedagogics,FEMALE,YES
90.0,mathematics and statistics,FEMALE,
79.0,technical science,FEMALE,NO
86.0,computer science,MALE,NO
19.0,protection and safety,FEMALE,NO
78.0,veterinary medicine,FEMALE,
86.0,biological sciences,MALE,NO
90.0,computer science,MALE,NO
64.0,protection and safety,FEMALE,NO
40.0,services for the population and transport services,FEMALE,NO
32.0,no specialisation,MALE,NO
65.0,physical sciences,FEMALE,NO
88.0,computer science,MALE,NO
18.0,no specialisation,MALE,NO
37.0,armed forces and country protection,FEMALE,NO
21.0,healthcare,FEMALE,
37.0,healthcare,FEMALE,YES
91.0,mathematics and statistics,FEMALE,
42.0,technical science,MALE,YES
97.0,biological sciences,MALE,
65.0,liberal arts,FEMALE,YES
59.0,physical sciences,FEMALE,
76.0,technical science,MALE,YES
86.0,art,FEMALE,NO
62.0,technical science,MALE,
33.0,architecture and construction,MALE,
17.0,no specialisation,MALE,NO
17.0,mathematics and statistics,FEMALE,NO
87.0,computer science,MALE,NO
74.0,journalism and information,MALE,YES
89.0,mathematics and statistics,FEMALE,
86.0,social welfare,MALE,NO
72.0,veterinary medicine,FEMALE,NO
91.0,no specialisation,MALE,NO
48.0,social welfare,MALE,NO
44.0,pedagogics,FEMALE,NO
37.0,journalism and information,MALE,NO
87.0,computer science,FEMALE,NO
32.0,liberal arts,FEMALE,NO
55.0,no specialisation,MALE,NO
69.0,architecture and construction,MALE,NO
45.0,art,FEMALE,NO
48.0,pedagogics,FEMALE,NO
17.0,economy and administration,FEMALE,NO
44.0,social sciences,FEMALE,NO
23.0,healthcare,FEMALE,NO
96.0,armed forces and country protection,FEMALE,YES
72.0,architecture and construction,MALE,
52.0,technical science,MALE,NO
84.0,armed forces and country protection,FEMALE,NO
85.0,art,FEMALE,NO
33.0,social sciences,FEMALE,NO
91.0,environmental protection,MALE,
29.0,production and processing,MALE,NO
95.0,services for the population and transport services,FEMALE,
42.0,pedagogics,FEMALE,YES
69.0,veterinary medicine,FEMALE,NO
16.0,protection and safety,FEMALE,NO
93.0,armed forces and country protection,FEMALE,
68.0,other,MALE,NO
16.0,protection and safety,FEMALE,NO
97.0,services for the population and transport services,MALE,YES
60.0,"agriculture, forestry, fishing",MALE,NO
19.0,protection and safety,FEMALE,NO
79.0,services for the population and transport services,FEMALE,NO
29.0,public health,FEMALE,NO
46.0,no specialisation,MALE,NO
74.0,mathematics and statistics,FEMALE,NO
46.0,not applicable,FEMALE,NO
19.0,protection and safety,FEMALE,NO
68.0,technical science,MALE,NO
94.0,physical sciences,FEMALE,
45.0,social welfare,MALE,NO
70.0,protection and safety,FEMALE,NO
32.0,architecture and construction,MALE,NO
68.0,no specialisation,MALE,NO
22.0,healthcare,FEMALE,NO
20.0,healthcare,FEMALE,NO
26.0,lack of data,MALE,NO
42.0,healthcare,FEMALE,
43.0,pedagogics,FEMALE,NO
27.0,production and processing,MALE,YES
77.0,environmental protection,MALE,NO
19.0,art,FEMALE,NO
55.0,architecture and construction,MALE,NO
20.0,pedagogics,FEMALE,NO
85.0,computer science,MALE,NO
47.0,"agriculture, forestry, fishing",FEMALE,YES
50.0,technical science,MALE,NO
24.0,not applicable,FEMALE,NO
54.0,architecture and construction,MALE,NO
27.0,social sciences,MALE,NO
69.0,veterinary medicine,FEMALE,NO
18.0,mathematics and statistics,FEMALE,NO
72.0,architecture and construction,MALE,NO
96.0,armed forces and country protection,FEMALE,YES
21.0,law,FEMALE,NO
46.0,social welfare,MALE,NO
62.0,art,MALE,NO
30.0,services for the population and transport services,FEMALE,NO
75.0,"agriculture, forestry, fishing",MALE,YES
74.0,mathematics and statistics,FEMALE,YES
60.0,production and processing,MALE,NO
56.0,architecture and construction,MALE,NO
94.0,physical sciences,FEMALE,YES
63.0,technical science,MALE,NO
22.0,art,FEMALE,
63.0,protection and safety,FEMALE,NO
59.0,pedagogics,FEMALE,NO
87.0,computer science,MALE,NO
23.0,"agriculture, forestry, fishing",MALE,NO
31.0,"agriculture, forestry, fishing",MALE,NO
19.0,no specialisation,MALE,NO
65.0,technical science,MALE,NO
29.0,production and processing,MALE,NO
22.0,protection and safety,FEMALE,NO
18.0,no specialisation,FEMALE,NO
44.0,pedagogics,FEMALE,NO
95.0,armed forces and country protection,MALE,YES
88.0,social welfare,MALE,NO
31.0,public health,FEMALE,NO
59.0,,FEMALE,NO
84.0,healthcare,FEMALE,NO
30.0,economy and administration,FEMALE,NO
54.0,armed forces and country protection,FEMALE,NO
70.0,veterinary medicine,FEMALE,NO
30.0,services for the population and transport services,MALE,NO
87.0,biological sciences,MALE,NO
65.0,other,MALE,NO
55.0,liberal arts,FEMALE,NO
32.0,art,FEMALE,NO
30.0,art,FEMALE,NO
77.0,veterinary medicine,FEMALE,NO
82.0,healthcare,FEMALE,YES
65.0,technical science,MALE,NO
70.0,architecture and construction,MALE,NO
68.0,no specialisation,MALE,NO
93.0,art,FEMALE,
36.0,"agriculture, forestry, fishing",MALE,NO
68.0,other,MALE,YES
57.0,armed forces and country protection,MALE,NO
61.0,protection and safety,FEMALE,NO
85.0,protection and safety,FEMALE,NO
86.0,biological sciences,MALE,NO
76.0,technical science,MALE,NO
32.0,protection and safety,FEMALE,NO
36.0,healthcare,FEMALE,NO
32.0,protection and safety,FEMALE,NO
47.0,protection and safety,FEMALE,
44.0,journalism and information,MALE,NO
23.0,law,FEMALE,YES
66.0,lack of data,MALE,YES
92.0,physical sciences,FEMALE,
66.0,technical science,MALE,NO
95.0,biological sciences,MALE,YES
46.0,social welfare,MALE,NO
58.0,"agriculture, forestry, fishing",FEMALE,
31.0,production and processing,MALE,NO
72.0,mathematics and statistics,FEMALE,
51.0,services for the population and transport services,FEMALE,NO
19.0,protection and safety,FEMALE,NO
36.0,no specialisation,MALE,NO
55.0,production and processing,MALE,NO
66.0,no specialisation,MALE,NO
69.0,services for the population and transport services,FEMALE,
20.0,no specialisation,FEMALE,NO
61.0,no specialisation,FEMALE,
25.0,economy and administration,FEMALE,NO
45.0,pedagogics,FEMALE,NO
83.0,healthcare,FEMALE,NO
23.0,pedagogics,FEMALE,YES
54.0,biological sciences,MALE,NO
39.0,art,FEMALE,NO
93.0,mathematics and statistics,FEMALE,NO
48.0,mathematics and statistics,FEMALE,YES
93.0,environmental protection,MALE,
89.0,art,FEMALE,
84.0,architecture and construction,MALE,NO
77.0,"agriculture, forestry, fishing",FEMALE,NO
67.0,environmental protection,MALE,NO
64.0,no specialisation,FEMALE,NO
18.0,protection and safety,FEMALE,NO
18.0,no specialisation,FEMALE,NO
42.0,technical science,MALE,NO
72.0,architecture and construction,MALE,YES
56.0,biological sciences,MALE,NO
83.0,healthcare,FEMALE,NO
43.0,pedagogics,FEMALE,NO
50.0,social sciences,FEMALE,NO
49.0,journalism and information,MALE,NO
93.0,environmental protection,MALE,
71.0,architecture and construction,MALE,NO
78.0,services for the population and transport services,MALE,NO
89.0,law,FEMALE,NO
43.0,pedagogics,FEMALE,YES
78.0,veterinary medicine,FEMALE,NO
36.0,"agriculture, forestry, fishing",FEMALE,NO
57.0,art,MALE,NO
40.0,services for the population and transport services,MALE,NO
61.0,services for the population and transport services,MALE,NO
25.0,public health,FEMALE,YES
21.0,not applicable,FEMALE,NO
80.0,veterinary medicine,FEMALE,
23.0,liberal arts,FEMALE,NO
42.0,pedagogics,FEMALE,YES
90.0,architecture and construction,MALE,
68.0,liberal arts,MALE,YES
35.0,protection and safety,FEMALE,NO
19.0,economy and administration,MALE,NO
56.0,technical science,MALE,NO
35.0,production and processing,MALE,NO
81.0,healthcare,FEMALE,NO
47.0,public health,FEMALE,NO
40.0,architecture and construction,MALE,NO
51.0,veterinary medicine,FEMALE,NO
58.0,architecture and construction,MALE,
55.0,technical science,FEMALE,NO
89.0,environmental protection,MALE,
92.0,public health,FEMALE,NO
21.0,"agriculture, forestry, fishing",MALE,NO
92.0,environmental protection,MALE,
47.0,public health,FEMALE,YES
18.0,no specialisation,FEMALE,NO
95.0,armed forces and country protection,FEMALE,YES
33.0,liberal arts,FEMALE,NO
32.0,law,FEMALE,NO
65.0,other,FEMALE,YES
31.0,production and processing,MALE,NO
69.0,social sciences,FEMALE,NO
85.0,no specialisation,MALE,NO
26.0,liberal arts,FEMALE,NO
93.0,art,FEMALE,NO
40.0,services for the population and transport services,FEMALE,NO
46.0,protection and safety,FEMALE,NO
56.0,liberal arts,FEMALE,NO
53.0,no specialisation,MALE,NO
46.0,production and processing,MALE,NO
87.0,art,FEMALE,NO
77.0,"agriculture, forestry, fishing",FEMALE,YES
20.0,healthcare,FEMALE,NO
22.0,pedagogics,FEMALE,YES
20.0,no specialisation,MALE,NO
16.0,protection and safety,FEMALE,NO
31.0,services for the population and transport services,FEMALE,NO
18.0,no specialisation,FEMALE,NO
18.0,art,MALE,NO
35.0,social sciences,MALE,NO
22.0,pedagogics,FEMALE,NO
48.0,public health,FEMALE,NO
60.0,protection and safety,FEMALE,YES
81.0,veterinary medicine,FEMALE,NO
20.0,healthcare,FEMALE,NO
72.0,protection and safety,FEMALE,NO
68.0,lack of data,FEMALE,NO
29.0,liberal arts,FEMALE,NO
32.0,economy and administration,FEMALE,NO
73.0,journalism and information,MALE,NO
74.0,technical science,MALE,NO
81.0,healthcare,FEMALE,NO
32.0,economy and administration,FEMALE,NO
43.0,pedagogics,FEMALE,NO
58.0,environmental protection,MALE,YES
66.0,no specialisation,FEMALE,NO
46.0,social sciences,FEMALE,NO
57.0,economy and administration,FEMALE,NO
51.0,mathematics and statistics,FEMALE,NO
36.0,physical sciences,FEMALE,NO
47.0,not applicable,FEMALE,NO
49.0,veterinary medicine,FEMALE,NO
28.0,production and processing,MALE,NO
29.0,public health,FEMALE,NO
35.0,veterinary medicine,FEMALE,
92.0,mathematics and statistics,FEMALE,NO
42.0,journalism and information,MALE,NO
72.0,architecture and construction,MALE,NO
85.0,computer science,MALE,NO
17.0,economy and administration,FEMALE,NO
35.0,computer science,FEMALE,YES
58.0,public health,FEMALE,NO
53.0,no specialisation,MALE,NO
55.0,production and processing,MALE,NO
49.0,services for the population and transport services,MALE,NO
30.0,economy and administration,FEMALE,NO
82.0,healthcare,FEMALE,NO
62.0,protection and safety,FEMALE,
54.0,liberal arts,MALE,NO
79.0,"agriculture, forestry, fishing",FEMALE,NO
49.0,mathematics and statistics,FEMALE,NO
78.0,technical science,MALE,NO
30.0,liberal arts,FEMALE,NO
34.0,healthcare,FEMALE,NO
58.0,,FEMALE,NO
54.0,production and processing,MALE,NO
65.0,lack of data,FEMALE,NO
94.0,armed forces and country protection,FEMALE,YES
79.0,services for the population and transport services,FEMALE,NO
19.0,protection and safety,FEMALE,NO
22.0,technical science,MALE,NO
25.0,computer science,MALE,
57.0,armed forces and country protection,FEMALE,NO
61.0,protection and safety,FEMALE,NO
90.0,computer science,MALE,NO
87.0,biological sciences,MALE,NO
92.0,healthcare,FEMALE,
63.0,services for the population and transport services,MALE,NO
47.0,not applicable,FEMALE,NO
34.0,architecture and construction,MALE,NO
63.0,no specialisation,MALE,NO
55.0,production and processing,MALE,NO
22.0,not applicable,FEMALE,NO
56.0,pedagogics,FEMALE,NO
31.0,economy and administration,FEMALE,NO
64.0,social sciences,FEMALE,NO
71.0,other,MALE,YES
17.0,protection and safety,FEMALE,NO
72.0,veterinary medicine,FEMALE,NO
49.0,mathematics and statistics,FEMALE,NO
22.0,social welfare,MALE,NO
48.0,"agriculture, forestry, fishing",MALE,NO
34.0,architecture and construction,MALE,NO
87.0,pedagogics,FEMALE,NO
82.0,healthcare,FEMALE,NO
57.0,economy and administration,FEMALE,NO
20.0,healthcare,FEMALE,NO
79.0,healthcare,FEMALE,NO
23.0,protection and safety,FEMALE,NO
67.0,other,MALE,NO
71.0,services for the population and transport services,FEMALE,NO
61.0,social sciences,MALE,NO
61.0,social sciences,FEMALE,NO
22.0,mathematics and statistics,FEMALE,NO
40.0,mathematics and statistics,FEMALE,NO
82.0,technical science,MALE,NO
54.0,production and processing,MALE,NO
71.0,architecture and construction,MALE,NO
48.0,not applicable,FEMALE,NO
72.0,lack of data,FEMALE,NO
57.0,,FEMALE,NO
59.0,"agriculture, forestry, fishing",MALE,NO
57.0,physical sciences,FEMALE,NO
35.0,protection and safety,FEMALE,NO
31.0,healthcare,FEMALE,NO
48.0,veterinary medicine,FEMALE,NO
27.0,social sciences,FEMALE,NO
64.0,technical science,MALE,NO
35.0,"agriculture, forestry, fishing",MALE,
41.0,pedagogics,FEMALE,YES
89.0,healthcare,FEMALE,NO
72.0,social sciences,FEMALE,NO
51.0,physical sciences,FEMALE,NO
24.0,not applicable,FEMALE,NO
77.0,armed forces and country protection,MALE,NO
22.0,not applicable,FEMALE,NO
21.0,physical sciences,FEMALE,NO
72.0,veterinary medicine,FEMALE,NO
26.0,pedagogics,FEMALE,YES
76.0,veterinary medicine,FEMALE,NO
76.0,veterinary medicine,FEMALE,NO
48.0,production and processing,MALE,NO
55.0,no specialisation,FEMALE,YES
89.0,no specialisation,FEMALE,NO
37.0,technical science,MALE,NO
79.0,"agriculture, forestry, fishing",MALE,NO
95.0,armed forces and country protection,MALE,YES
20.0,armed forces and country protection,FEMALE,NO
91.0,public health,FEMALE,NO
24.0,healthcare,FEMALE,NO
95.0,physical sciences,FEMALE,
30.0,pedagogics,FEMALE,NO
66.0,liberal arts,FEMALE,NO
78.0,no specialisation,MALE,NO
58.0,production and processing,MALE,YES
65.0,technical science,MALE,NO
24.0,pedagogics,FEMALE,NO
42.0,physical sciences,FEMALE,YES
84.0,architecture and construction,MALE,NO
52.0,veterinary medicine,FEMALE,NO
93.0,no specialisation,FEMALE,
49.0,services for the population and transport services,FEMALE,NO
82.0,architecture and construction,MALE,NO
35.0,mathematics and statistics,FEMALE,
50.0,environmental protection,MALE,NO
77.0,environmental protection,MALE,NO
39.0,services for the population and transport services,FEMALE,YES
18.0,physical sciences,FEMALE,NO
18.0,mathematics and statistics,FEMALE,NO
23.0,"agriculture, forestry, fishing",MALE,NO
73.0,veterinary medicine,FEMALE,YES
48.0,veterinary medicine,FEMALE,NO
18.0,computer science,MALE,NO
59.0,architecture and construction,MALE,NO
87.0,no specialisation,FEMALE,NO
71.0,veterinary medicine,FEMALE,NO
59.0,technical science,MALE,NO
29.0,pedagogics,FEMALE,NO
22.0,healthcare,FEMALE,NO
21.0,healthcare,FEMALE,NO
22.0,technical science,MALE,NO
67.0,no specialisation,FEMALE,YES
26.0,art,FEMALE,NO
70.0,economy and administration,FEMALE,NO
80.0,environmental protection,MALE,NO
57.0,armed forces and country protection,FEMALE,NO
20.0,no specialisation,FEMALE,NO
67.0,technical science,MALE,NO
29.0,production and processing,MALE,NO
71.0,architecture and construction,MALE,NO
20.0,"agriculture, forestry, fishing",MALE,NO
18.0,environmental protection,MALE,NO
19.0,lack of data,FEMALE,NO
95.0,services for the population and transport services,FEMALE,YES
50.0,veterinary medicine,FEMALE,NO
88.0,liberal arts,FEMALE,NO
81.0,production and processing,MALE,NO
80.0,,FEMALE,NO
22.0,public health,FEMALE,YES
60.0,physical sciences,FEMALE,NO
33.0,architecture and construction,MALE,NO
81.0,healthcare,FEMALE,NO
85.0,technical science,MALE,YES
35.0,computer science,MALE,NO
75.0,social sciences,FEMALE,NO
71.0,protection and safety,FEMALE,NO
58.0,lack of data,FEMALE,YES
93.0,no specialisation,MALE,NO
76.0,not applicable,FEMALE,YES
75.0,protection and safety,FEMALE,NO
53.0,no specialisation,FEMALE,NO
23.0,art,FEMALE,
31.0,public health,FEMALE,NO
28.0,liberal arts,MALE,NO
72.0,veterinary medicine,FEMALE,NO
20.0,healthcare,FEMALE,NO
93.0,environmental protection,MALE,
84.0,healthcare,FEMALE,NO
59.0,pedagogics,FEMALE,
62.0,technical science,MALE,NO
88.0,biological sciences,MALE,NO
79.0,healthcare,FEMALE,NO
29.0,pedagogics,FEMALE,NO
59.0,mathematics and statistics,FEMALE,NO
89.0,mathematics and statistics,FEMALE,
52.0,services for the population and transport services,MALE,NO
44.0,technical science,MALE,NO
19.0,no specialisation,FEMALE,NO
29.0,production and processing,MALE,NO
51.0,services for the population and transport services,FEMALE,NO
90.0,no specialisation,MALE,
81.0,healthcare,FEMALE,NO
44.0,physical sciences,FEMALE,NO
24.0,pedagogics,FEMALE,NO
72.0,technical science,MALE,NO
55.0,architecture and construction,MALE,NO
52.0,technical science,FEMALE,NO
61.0,no specialisation,MALE,
90.0,"agriculture, forestry, fishing",FEMALE,NO
40.0,journalism and information,MALE,NO
63.0,protection and safety,FEMALE,
53.0,no specialisation,FEMALE,NO
49.0,veterinary medicine,FEMALE,NO
74.0,mathematics and statistics,FEMALE,NO
91.0,healthcare,FEMALE,
29.0,services for the population and transport services,MALE,NO
35.0,not applicable,FEMALE,NO
45.0,production and processing,MALE,
28.0,services for the population and transport services,FEMALE,NO
28.0,production and processing,MALE,NO
23.0,mathematics and statistics,FEMALE,NO
24.0,armed forces and country protection,FEMALE,NO
21.0,pedagogics,FEMALE,
80.0,technical science,MALE,
61.0,mathematics and statistics,FEMALE,NO
63.0,technical science,MALE,NO
18.0,no specialisation,FEMALE,NO
21.0,physical sciences,FEMALE,NO
44.0,social sciences,FEMALE,NO
82.0,other,FEMALE,NO
72.0,architecture and construction,MALE,NO
51.0,veterinary medicine,FEMALE,NO
28.0,economy and administration,FEMALE,NO
72.0,protection and safety,FEMALE,NO
56.0,no specialisation,FEMALE,NO
19.0,no specialisation,MALE,NO
57.0,economy and administration,FEMALE,YES
81.0,protection and safety,FEMALE,NO
82.0,armed forces and country protection,MALE,NO
87.0,,FEMALE,NO
32.0,social sciences,FEMALE,NO
65.0,no specialisation,MALE,NO
50.0,mathematics and statistics,FEMALE,NO
20.0,healthcare,FEMALE,NO
17.0,no specialisation,FEMALE,NO
49.0,social welfare,MALE,NO
25.0,environmental protection,MALE,NO
54.0,no specialisation,FEMALE,NO
60.0,economy and administration,FEMALE,NO
21.0,healthcare,FEMALE,NO
87.0,computer science,FEMALE,NO
59.0,,FEMALE,NO
43.0,pedagogics,FEMALE,NO
33.0,protection and safety,FEMALE,
94.0,armed forces and country protection,FEMALE,YES
66.0,lack of data,FEMALE,YES
75.0,technical science,MALE,NO
36.0,architecture and construction,MALE,
94.0,biological sciences,MALE,
95.0,physical sciences,FEMALE,YES
37.0,physical sciences,FEMALE,NO
70.0,social sciences,FEMALE,NO
24.0,technical science,MALE,NO
28.0,art,FEMALE,NO
16.0,environmental protection,MALE,NO
92.0,mathematics and statistics,FEMALE,
80.0,"agriculture, forestry, fishing",MALE,NO
93.0,architecture and construction,MALE,
18.0,economy and administration,FEMALE,NO
18.0,no specialisation,FEMALE,NO
60.0,economy and administration,FEMALE,NO
22.0,social welfare,MALE,NO
84.0,healthcare,FEMALE,NO
73.0,technical science,MALE,YES
73.0,veterinary medicine,FEMALE,NO
38.0,mathematics and statistics,FEMALE,NO
50.0,economy and administration,FEMALE,NO
22.0,healthcare,FEMALE,NO
70.0,services for the population and transport services,FEMALE,NO
19.0,environmental protection,MALE,NO
55.0,law,FEMALE,NO
66.0,no specialisation,FEMALE,NO
41.0,pedagogics,FEMALE,NO
88.0,,FEMALE,NO
59.0,economy and administration,FEMALE,NO
73.0,journalism and information,MALE,YES
77.0,environmental protection,MALE,NO
67.0,lack of data,FEMALE,YES
18.0,armed forces and country protection,FEMALE,NO
18.0,lack of data,FEMALE,NO
87.0,social welfare,MALE,NO
83.0,healthcare,FEMALE,NO
50.0,lack of data,MALE,NO
37.0,technical science,MALE,NO
18.0,protection and safety,FEMALE,NO
85.0,no specialisation,FEMALE,NO
96.0,services for the population and transport services,MALE,YES
96.0,armed forces and country protection,FEMALE,YES
17.0,no specialisation,FEMALE,NO
78.0,armed forces and country protection,FEMALE,NO
33.0,economy and administration,FEMALE,NO
35.0,art,FEMALE,NO
66.0,lack of data,FEMALE,YES
68.0,law,FEMALE,NO
43.0,technical science,MALE,YES
67.0,environmental protection,MALE,NO
17.0,no specialisation,FEMALE,NO
61.0,services for the population and transport services,FEMALE,NO
85.0,services for the population and transport services,MALE,NO
89.0,public health,FEMALE,
29.0,healthcare,FEMALE,NO
53.0,no specialisation,MALE,NO
87.0,computer science,MALE,NO
35.0,computer science,MALE,NO
18.0,mathematics and statistics,FEMALE,NO
66.0,public health,FEMALE,YES
91.0,no specialisation,FEMALE,
21.0,social welfare,MALE,
72.0,social sciences,FEMALE,NO
75.0,"agriculture, forestry, fishing",FEMALE,NO
67.0,other,FEMALE,NO
20.0,pedagogics,FEMALE,NO
74.0,veterinary medicine,FEMALE,YES
80.0,"agriculture, forestry, fishing",MALE,NO
53.0,no specialisation,MALE,NO
23.0,computer science,MALE,NO
36.0,architecture and construction,MALE,NO
54.0,pedagogics,FEMALE,NO
26.0,public health,FEMALE,NO
70.0,services for the population and transport services,FEMALE,
89.0,"agriculture, forestry, fishing",FEMALE,NO
70.0,liberal arts,FEMALE,NO
83.0,architecture and construction,MALE,YES
59.0,economy and administration,FEMALE,NO
23.0,computer science,FEMALE,NO
86.0,computer science,MALE,NO
34.0,healthcare,FEMALE,NO
80.0,healthcare,FEMALE,NO
79.0,veterinary medicine,FEMALE,NO
39.0,journalism and information,MALE,NO
80.0,technical science,MALE,NO
93.0,biological sciences,MALE,
29.0,public health,FEMALE,NO
54.0,architecture and construction,MALE,NO
63.0,no specialisation,FEMALE,NO
31.0,"agriculture, forestry, fishing",FEMALE,NO
33.0,services for the population and transport services,FEMALE,NO
33.0,technical science,MALE,NO
72.0,architecture and construction,MALE,NO
53.0,technical science,FEMALE,NO
32.0,public health,FEMALE,NO
66.0,lack of data,FEMALE,YES
55.0,technical science,MALE,NO
31.0,healthcare,FEMALE,NO
55.0,liberal arts,FEMALE,NO
53.0,architecture and construction,MALE,NO
18.0,production and processing,MALE,NO
78.0,"agriculture, forestry, fishing",MALE,
68.0,no specialisation,FEMALE,NO
26.0,production and processing,MALE,NO
31.0,services for the population and transport services,FEMALE,NO
86.0,art,FEMALE,NO
32.0,public health,FEMALE,NO
22.0,protection and safety,FEMALE,NO
83.0,other,FEMALE,NO
27.0,pedagogics,FEMALE,NO
70.0,architecture and construction,MALE,NO
40.0,pedagogics,FEMALE,YES
54.0,law,FEMALE,NO
86.0,social welfare,MALE,NO
23.0,healthcare,FEMALE,NO
30.0,pedagogics,FEMALE,NO
92.0,mathematics and statistics,FEMALE,
87.0,social welfare,MALE,NO
90.0,environmental protection,MALE,
90.0,architecture and construction,MALE,
22.0,public health,FEMALE,NO
25.0,liberal arts,MALE,YES
41.0,pedagogics,FEMALE,NO
40.0,"agriculture, forestry, fishing",FEMALE,NO
69.0,veterinary medicine,FEMALE,NO
48.0,social welfare,MALE,NO
55.0,physical sciences,FEMALE,NO
81.0,"agriculture, forestry, fishing",MALE,
72.0,law,FEMALE,
74.0,veterinary medicine,FEMALE,NO
18.0,production and processing,MALE,NO
85.0,art,FEMALE,NO
70.0,mathematics and statistics,FEMALE,NO
72.0,veterinary medicine,FEMALE,NO
85.0,no specialisation,FEMALE,NO
78.0,"agriculture, forestry, fishing",MALE,NO
49.0,physical sciences,FEMALE,NO
19.0,environmental protection,MALE,NO
96.0,armed forces and country protection,FEMALE,YES
55.0,liberal arts,FEMALE,NO
71.0,other,MALE,
90.0,"agriculture, forestry, fishing",FEMALE,NO
71.0,other,FEMALE,NO
19.0,no specialisation,FEMALE,NO
96.0,services for the population and transport services,FEMALE,YES
21.0,mathematics and statistics,FEMALE,NO
75.0,other,MALE,NO
31.0,public health,FEMALE,NO
79.0,technical science,MALE,NO
23.0,law,FEMALE,NO
30.0,pedagogics,FEMALE,NO
32.0,protection and safety,FEMALE,NO
71.0,architecture and construction,MALE,NO
39.0,services for the population and transport services,FEMALE,NO
65.0,law,FEMALE,YES
53.0,production and processing,MALE,NO
87.0,no specialisation,FEMALE,NO
19.0,protection and safety,FEMALE,NO
17.0,protection and safety,FEMALE,NO
87.0,computer science,MALE,NO
53.0,production and processing,MALE,NO
72.0,social sciences,MALE,NO
27.0,economy and administration,FEMALE,NO
31.0,public health,FEMALE,NO
16.0,physical sciences,FEMALE,NO
50.0,veterinary medicine,FEMALE,NO
90.0,environmental protection,MALE,NO
34.0,art,FEMALE,NO
23.0,healthcare,FEMALE,NO
79.0,environmental protection,MALE,NO
28.0,public health,FEMALE,NO
67.0,public health,FEMALE,YES
29.0,production and processing,MALE,NO
36.0,computer science,FEMALE,NO
73.0,social sciences,FEMALE,YES
21.0,veterinary medicine,FEMALE,NO
63.0,no specialisation,MALE,NO
54.0,production and processing,MALE,YES
77.0,no specialisation,MALE,NO
82.0,healthcare,FEMALE,NO
82.0,healthcare,FEMALE,NO
84.0,healthcare,FEMALE,NO
35.0,computer science,MALE,NO
37.0,technical science,MALE,NO
28.0,social sciences,FEMALE,YES
37.0,no specialisation,FEMALE,NO
66.0,lack of data,MALE,NO
68.0,technical science,MALE,NO
35.0,computer science,MALE,NO
50.0,other,FEMALE,NO
34.0,architecture and construction,MALE,NO
89.0,computer science,FEMALE,NO
47.0,pedagogics,FEMALE,NO
27.0,production and processing,MALE,NO
43.0,pedagogics,FEMALE,YES
24.0,social welfare,MALE,
32.0,,FEMALE,NO
46.0,public health,FEMALE,YES
54.0,no specialisation,FEMALE,YES
63.0,social sciences,FEMALE,NO
57.0,armed forces and country protection,MALE,NO
59.0,production and processing,MALE,NO
20.0,no specialisation,FEMALE,NO
94.0,biological sciences,MALE,YES
78.0,veterinary medicine,FEMALE,NO
22.0,healthcare,FEMALE,NO
42.0,physical sciences,FEMALE,YES
87.0,social welfare,MALE,NO
77.0,no specialisation,FEMALE,NO
80.0,armed forces and country protection,MALE,NO
62.0,services for the population and transport services,FEMALE,
39.0,journalism and information,MALE,NO
74.0,veterinary medicine,FEMALE,YES
47.0,social welfare,MALE,NO
71.0,social sciences,FEMALE,
71.0,lack of data,MALE,NO
29.0,public health,FEMALE,NO
85.0,,FEMALE,NO
16.0,no specialisation,FEMALE,NO
62.0,no specialisation,MALE,NO
21.0,"agriculture, forestry, fishing",FEMALE,NO
87.0,protection and safety,FEMALE,NO
50.0,social sciences,MALE,NO
26.0,economy and administration,FEMALE,NO
81.0,healthcare,FEMALE,NO
54.0,no specialisation,FEMALE,NO
93.0,architecture and construction,MALE,
57.0,architecture and construction,MALE,NO
20.0,mathematics and statistics,FEMALE,NO
25.0,environmental protection,MALE,
55.0,liberal arts,FEMALE,NO
48.0,mathematics and statistics,FEMALE,NO
73.0,veterinary medicine,FEMALE,YES
40.0,technical science,MALE,YES
58.0,art,FEMALE,NO
23.0,social welfare,MALE,NO
40.0,architecture and construction,MALE,NO
17.0,no specialisation,FEMALE,NO
92.0,art,FEMALE,NO
65.0,lack of data,MALE,NO
67.0,public health,FEMALE,YES
45.0,mathematics and statistics,FEMALE,NO
39.0,services for the population and transport services,FEMALE,NO
89.0,protection and safety,FEMALE,NO
54.0,technical science,MALE,NO
55.0,no specialisation,FEMALE,NO
50.0,services for the population and transport services,FEMALE,NO
23.0,healthcare,FEMALE,NO
38.0,journalism and information,MALE,NO
71.0,liberal arts,MALE,NO
36.0,liberal arts,FEMALE,NO
95.0,armed forces and country protection,MALE,YES
70.0,no specialisation,FEMALE,
53.0,architecture and construction,MALE,NO
48.0,social welfare,MALE,NO
71.0,architecture and construction,MALE,YES
39.0,mathematics and statistics,FEMALE,NO
83.0,healthcare,FEMALE,NO
25.0,art,FEMALE,NO
51.0,services for the population and transport services,FEMALE,NO
61.0,protection and safety,FEMALE,NO
85.0,art,FEMALE,NO
48.0,physical sciences,FEMALE,
71.0,services for the population and transport services,MALE,NO
58.0,public health,FEMALE,NO
91.0,architecture and construction,MALE,NO
55.0,production and processing,MALE,NO
71.0,protection and safety,FEMALE,NO
61.0,social sciences,MALE,
53.0,no specialisation,FEMALE,NO
37.0,no specialisation,FEMALE,NO
47.0,veterinary medicine,FEMALE,NO
79.0,services for the population and transport services,FEMALE,NO
57.0,other,FEMALE,NO
38.0,healthcare,FEMALE,NO
63.0,social sciences,FEMALE,NO
50.0,mathematics and statistics,FEMALE,NO
91.0,architecture and construction,MALE,NO
93.0,mathematics and statistics,FEMALE,
22.0,social welfare,MALE,NO
69.0,mathematics and statistics,FEMALE,NO
20.0,"agriculture, forestry, fishing",MALE,NO
51.0,physical sciences,FEMALE,NO
70.0,,FEMALE,NO
93.0,services for the population and transport services,FEMALE,YES
68.0,physical sciences,FEMALE,NO
60.0,technical science,MALE,NO
37.0,services for the population and transport services,FEMALE,NO
55.0,no specialisation,MALE,NO
43.0,pedagogics,FEMALE,YES
62.0,protection and safety,FEMALE,
27.0,social sciences,FEMALE,NO
35.0,architecture and construction,MALE,NO
50.0,services for the population and transport services,FEMALE,NO
37.0,mathematics and statistics,FEMALE,NO
29.0,production and processing,MALE,NO
48.0,public health,FEMALE,NO
33.0,not applicable,FEMALE,NO
27.0,art,FEMALE,YES
67.0,liberal arts,FEMALE,NO
83.0,architecture and construction,MALE,YES
57.0,production and processing,MALE,NO
77.0,veterinary medicine,FEMALE,NO
50.0,services for the population and transport services,FEMALE,NO
27.0,liberal arts,FEMALE,NO
82.0,pedagogics,FEMALE,YES
37.0,healthcare,FEMALE,NO
46.0,not applicable,FEMALE,NO
22.0,healthcare,FEMALE,
67.0,public health,FEMALE,NO
91.0,environmental protection,MALE,NO
50.0,veterinary medicine,FEMALE,NO
54.0,production and processing,MALE,NO
72.0,architecture and construction,MALE,NO
79.0,"agriculture, forestry, fishing",FEMALE,NO
89.0,,FEMALE,NO
87.0,computer science,FEMALE,NO
82.0,healthcare,FEMALE,NO
18.0,computer science,FEMALE,NO
67.0,technical science,MALE,NO
32.0,production and processing,MALE,NO
72.0,no specialisation,MALE,NO
76.0,other,FEMALE,YES
92.0,healthcare,FEMALE,
94.0,physical sciences,FEMALE,YES
90.0,mathematics and statistics,FEMALE,
21.0,computer science,FEMALE,NO
32.0,production and processing,MALE,NO
36.0,law,FEMALE,NO
21.0,services for the population and transport services,FEMALE,NO
69.0,mathematics and statistics,FEMALE,NO
67.0,no specialisation,FEMALE,NO
39.0,services for the population and transport services,MALE,NO
63.0,mathematics and statistics,FEMALE,NO
75.0,veterinary medicine,FEMALE,NO
57.0,services for the population and transport services,MALE,NO
77.0,services for the population and transport services,FEMALE,
76.0,veterinary medicine,FEMALE,YES
44.0,liberal arts,FEMALE,YES
29.0,pedagogics,FEMALE,NO
64.0,protection and safety,FEMALE,NO
32.0,production and processing,MALE,NO
75.0,veterinary medicine,FEMALE,YES
79.0,healthcare,FEMALE,NO
81.0,healthcare,FEMALE,NO
42.0,technical science,MALE,NO
42.0,services for the population and transport services,MALE,NO
20.0,computer science,FEMALE,NO
42.0,pedagogics,FEMALE,NO
44.0,public health,FEMALE,NO
95.0,journalism and information,MALE,YES
49.0,mathematics and statistics,FEMALE,NO
24.0,pedagogics,FEMALE,NO
19.0,no specialisation,FEMALE,NO
47.0,public health,FEMALE,NO
76.0,"agriculture, forestry, fishing",MALE,YES
20.0,mathematics and statistics,FEMALE,NO
22.0,healthcare,FEMALE,NO
41.0,pedagogics,FEMALE,NO
69.0,services for the population and transport services,FEMALE,NO
53.0,architecture and construction,MALE,NO
95.0,art,FEMALE,
27.0,production and processing,MALE,NO
27.0,public health,FEMALE,NO
20.0,pedagogics,FEMALE,NO
75.0,veterinary medicine,FEMALE,YES
56.0,no specialisation,MALE,NO
64.0,art,FEMALE,NO
35.0,production and processing,MALE,NO
42.0,pedagogics,FEMALE,NO
84.0,pedagogics,FEMALE,NO
23.0,not applicable,FEMALE,NO
65.0,technical science,FEMALE,NO
93.0,art,FEMALE,YES
58.0,architecture and construction,MALE,NO
27.0,art,FEMALE,NO
30.0,economy and administration,FEMALE,NO
83.0,pedagogics,FEMALE,NO
56.0,physical sciences,FEMALE,NO
39.0,economy and administration,FEMALE,NO
17.0,no specialisation,FEMALE,NO
93.0,no specialisation,FEMALE,NO
63.0,mathematics and statistics,FEMALE,NO
95.0,services for the population and transport services,FEMALE,YES
67.0,no specialisation,FEMALE,NO
47.0,public health,FEMALE,NO
57.0,biological sciences,MALE,NO
19.0,no specialisation,MALE,NO
38.0,services for the population and transport services,MALE,NO
89.0,biological sciences,MALE,NO
31.0,no specialisation,FEMALE,NO
56.0,pedagogics,FEMALE,NO
20.0,computer science,MALE,NO
27.0,public health,FEMALE,NO
83.0,architecture and construction,MALE,YES
67.0,technical science,MALE,NO
18.0,no specialisation,MALE,NO
26.0,healthcare,FEMALE,NO
95.0,armed forces and country protection,MALE,YES
48.0,mathematics and statistics,FEMALE,
31.0,production and processing,MALE,NO
81.0,architecture and construction,MALE,NO
20.0,healthcare,FEMALE,NO
74.0,social sciences,FEMALE,NO
18.0,production and processing,MALE,NO
85.0,computer science,MALE,NO
94.0,art,FEMALE,YES
54.0,technical science,MALE,NO
42.0,healthcare,FEMALE,YES
51.0,biological sciences,MALE,NO
57.0,,FEMALE,YES
23.0,healthcare,FEMALE,NO
18.0,armed forces and country protection,FEMALE,NO
45.0,no specialisation,FEMALE,NO
49.0,mathematics and statistics,FEMALE,NO
44.0,technical science,FEMALE,NO
20.0,art,FEMALE,NO
71.0,architecture and construction,MALE,NO
33.0,architecture and construction,MALE,NO
55.0,technical science,MALE,NO
20.0,mathematics and statistics,FEMALE,NO
24.0,art,FEMALE,NO
42.0,pedagogics,FEMALE,YES
22.0,not applicable,FEMALE,NO
86.0,computer science,MALE,NO
58.0,pedagogics,FEMALE,YES
85.0,healthcare,FEMALE,NO
57.0,economy and administration,FEMALE,NO
79.0,no specialisation,MALE,NO
40.0,healthcare,FEMALE,NO
33.0,computer science,MALE,NO
21.0,social welfare,MALE,YES
92.0,art,MALE,
82.0,healthcare,FEMALE,NO
56.0,liberal arts,FEMALE,NO
90.0,environmental protection,MALE,NO
89.0,computer science,MALE,
48.0,public health,FEMALE,NO
21.0,healthcare,FEMALE,NO
22.0,armed forces and country protection,MALE,NO
32.0,not applicable,FEMALE,NO
39.0,armed forces and country protection,FEMALE,NO
60.0,lack of data,FEMALE,NO
21.0,social welfare,MALE,NO
68.0,lack of data,FEMALE,YES
96.0,physical sciences,FEMALE,
18.0,no specialisation,FEMALE,NO
86.0,art,FEMALE,NO
32.0,production and processing,MALE,NO
42.0,social sciences,MALE,NO
81.0,architecture and construction,MALE,NO
24.0,public health,FEMALE,
17.0,protection and safety,FEMALE,NO
46.0,social welfare,MALE,YES
93.0,armed forces and country protection,MALE,YES
81.0,healthcare,FEMALE,NO
16.0,protection and safety,FEMALE,NO
80.0,"agriculture, forestry, fishing",MALE,NO
32.0,public health,FEMALE,NO
26.0,social sciences,FEMALE,NO
73.0,mathematics and statistics,FEMALE,YES
49.0,mathematics and statistics,FEMALE,NO
32.0,healthcare,FEMALE,NO
79.0,"agriculture, forestry, fishing",MALE,NO
88.0,computer science,MALE,NO
49.0,veterinary medicine,FEMALE,NO
45.0,social welfare,MALE,
19.0,environmental protection,MALE,NO
73.0,veterinary medicine,FEMALE,YES
19.0,lack of data,MALE,NO
24.0,healthcare,FEMALE,NO
38.0,art,MALE,NO
33.0,technical science,FEMALE,NO
59.0,,FEMALE,NO
42.0,healthcare,FEMALE,NO
75.0,protection and safety,FEMALE,NO
92.0,healthcare,FEMALE,
95.0,armed forces and country protection,FEMALE,YES
29.0,liberal arts,MALE,NO
22.0,not applicable,FEMALE,YES
96.0,armed forces and country protection,FEMALE,YES
30.0,services for the population and transport services,FEMALE,NO
16.0,no specialisation,FEMALE,NO
59.0,economy and administration,FEMALE,YES
28.0,pedagogics,FEMALE,NO
97.0,services for the population and transport services,FEMALE,
82.0,healthcare,FEMALE,YES
19.0,protection and safety,FEMALE,NO
93.0,mathematics and statistics,FEMALE,
52.0,veterinary medicine,FEMALE,NO
46.0,public health,FEMALE,YES
50.0,lack of data,FEMALE,NO
59.0,"agriculture, forestry, fishing",MALE,NO
26.0,production and processing,MALE,NO
89.0,computer science,MALE,NO
17.0,armed forces and country protection,FEMALE,NO
76.0,technical science,FEMALE,YES
77.0,,FEMALE,
30.0,environmental protection,MALE,NO
31.0,healthcare,FEMALE,NO
94.0,biological sciences,MALE,YES
21.0,mathematics and statistics,FEMALE,NO
86.0,social welfare,MALE,NO
62.0,protection and safety,FEMALE,NO
61.0,social sciences,FEMALE,
57.0,economy and administration,FEMALE,NO
72.0,protection and safety,FEMALE,NO
23.0,technical science,MALE,NO
23.0,healthcare,FEMALE,NO
61.0,protection and safety,FEMALE,NO
29.0,liberal arts,FEMALE,NO
83.0,healthcare,FEMALE,YES
79.0,veterinary medicine,FEMALE,NO
37.0,journalism and information,MALE,NO
97.0,armed forces and country protection,FEMALE,
36.0,liberal arts,MALE,YES
92.0,mathematics and statistics,FEMALE,
45.0,public health,FEMALE,NO
55.0,technical science,MALE,NO
23.0,services for the population and transport services,MALE,NO
82.0,technical science,MALE,NO
40.0,no specialisation,MALE,NO
16.0,protection and safety,FEMALE,NO
23.0,healthcare,FEMALE,NO
33.0,architecture and construction,MALE,NO
66.0,lack of data,FEMALE,YES
61.0,protection and safety,FEMALE,NO
77.0,environmental protection,MALE,NO
63.0,social sciences,FEMALE,YES
41.0,services for the population and transport services,FEMALE,YES
35.0,computer science,FEMALE,NO
31.0,healthcare,FEMALE,NO
81.0,services for the population and transport services,FEMALE,NO
35.0,economy and administration,FEMALE,NO
40.0,healthcare,FEMALE,NO
39.0,journalism and information,MALE,NO
36.0,services for the population and transport services,MALE,YES
54.0,architecture and construction,MALE,NO
58.0,architecture and construction,MALE,NO
32.0,pedagogics,FEMALE,NO
66.0,liberal arts,FEMALE,YES
54.0,physical sciences,FEMALE,NO
60.0,environmental protection,MALE,YES
44.0,technical science,MALE,YES
28.0,public health,FEMALE,NO
60.0,architecture and construction,MALE,YES
39.0,services for the population and transport services,MALE,YES
52.0,veterinary medicine,FEMALE,NO
63.0,technical science,MALE,
24.0,public health,FEMALE,NO
23.0,armed forces and country protection,FEMALE,NO
45.0,pedagogics,FEMALE,YES
85.0,healthcare,FEMALE,YES
72.0,veterinary medicine,FEMALE,NO
19.0,protection and safety,FEMALE,NO
59.0,physical sciences,FEMALE,NO
33.0,protection and safety,FEMALE,NO
60.0,mathematics and statistics,FEMALE,NO
84.0,law,FEMALE,YES
39.0,technical science,MALE,NO
25.0,healthcare,FEMALE,NO
41.0,architecture and construction,MALE,YES
75.0,liberal arts,FEMALE,YES
71.0,services for the population and transport services,FEMALE,NO
58.0,production and processing,MALE,YES
80.0,veterinary medicine,FEMALE,NO
19.0,armed forces and country protection,FEMALE,NO
82.0,technical science,MALE,YES
16.0,lack of data,FEMALE,NO
63.0,no specialisation,FEMALE,NO
17.0,mathematics and statistics,FEMALE,NO
97.0,armed forces and country protection,MALE,YES
70.0,economy and administration,FEMALE,NO
91.0,public health,FEMALE,NO
41.0,"agriculture, forestry, fishing",MALE,YES
40.0,art,FEMALE,NO
79.0,"agriculture, forestry, fishing",MALE,NO
35.0,social sciences,FEMALE,NO
24.0,physical sciences,FEMALE,NO
54.0,biological sciences,MALE,NO
26.0,public health,FEMALE,NO
75.0,veterinary medicine,FEMALE,YES
75.0,technical science,MALE,NO
54.0,technical science,MALE,NO
44.0,"agriculture, forestry, fishing",MALE,NO
22.0,pedagogics,FEMALE,NO
92.0,environmental protection,MALE,NO
48.0,other,FEMALE,NO
82.0,healthcare,FEMALE,NO
62.0,art,FEMALE,NO
40.0,mathematics and statistics,FEMALE,NO
92.0,no specialisation,FEMALE,
88.0,,FEMALE,NO
55.0,architecture and construction,MALE,NO
84.0,healthcare,FEMALE,NO
96.0,social sciences,FEMALE,YES
43.0,production and processing,MALE,YES
52.0,social sciences,FEMALE,NO
27.0,production and processing,MALE,YES
44.0,public health,FEMALE,NO
80.0,no specialisation,MALE,NO
90.0,computer science,FEMALE,NO
72.0,services for the population and transport services,FEMALE,NO
66.0,other,FEMALE,NO
95.0,art,MALE,YES
29.0,services for the population and transport services,FEMALE,NO
34.0,veterinary medicine,FEMALE,NO
97.0,journalism and information,MALE,YES
19.0,healthcare,FEMALE,NO
84.0,architecture and construction,MALE,YES
27.0,production and processing,MALE,NO
70.0,veterinary medicine,FEMALE,NO
85.0,art,MALE,NO
20.0,no specialisation,FEMALE,NO
20.0,armed forces and country protection,MALE,NO
40.0,architecture and construction,MALE,NO
60.0,production and processing,MALE,NO
23.0,social welfare,MALE,NO
20.0,healthcare,FEMALE,
33.0,social welfare,MALE,
17.0,armed forces and country protection,FEMALE,NO
25.0,economy and administration,FEMALE,NO
76.0,technical science,MALE,YES
66.0,no specialisation,FEMALE,NO
22.0,pedagogics,FEMALE,NO
83.0,architecture and construction,MALE,YES
91.0,art,FEMALE,
21.0,architecture and construction,MALE,NO
66.0,technical science,MALE,NO
90.0,art,FEMALE,NO
41.0,social sciences,MALE,NO
43.0,journalism and information,MALE,NO
48.0,services for the population and transport services,MALE,NO
20.0,lack of data,FEMALE,NO
67.0,environmental protection,MALE,NO
34.0,architecture and construction,MALE,NO
83.0,healthcare,FEMALE,YES
64.0,no specialisation,FEMALE,NO
80.0,services for the population and transport services,MALE,
92.0,mathematics and statistics,FEMALE,
73.0,veterinary medicine,FEMALE,NO
66.0,not applicable,FEMALE,YES
77.0,"agriculture, forestry, fishing",FEMALE,NO
72.0,mathematics and statistics,FEMALE,NO
47.0,production and processing,MALE,NO
24.0,economy and administration,FEMALE,YES
63.0,protection and safety,FEMALE,
56.0,no specialisation,FEMALE,NO
93.0,"agriculture, forestry, fishing",FEMALE,
66.0,public health,FEMALE,NO
50.0,other,FEMALE,NO
91.0,architecture and construction,MALE,NO
88.0,no specialisation,FEMALE,NO
43.0,healthcare,FEMALE,YES
22.0,social welfare,MALE,NO
17.0,healthcare,FEMALE,NO
43.0,technical science,MALE,NO
20.0,not applicable,FEMALE,NO
30.0,healthcare,FEMALE,NO
50.0,services for the population and transport services,FEMALE,NO
20.0,protection and safety,FEMALE,NO
45.0,mathematics and statistics,FEMALE,NO
60.0,physical sciences,FEMALE,NO
38.0,services for the population and transport services,FEMALE,NO
33.0,social sciences,FEMALE,NO
72.0,services for the population and transport services,FEMALE,NO
86.0,biological sciences,MALE,NO
62.0,social sciences,FEMALE,NO
59.0,architecture and construction,MALE,YES
85.0,computer science,FEMALE,NO
43.0,physical sciences,FEMALE,NO
96.0,armed forces and country protection,FEMALE,YES
30.0,pedagogics,FEMALE,NO
84.0,healthcare,FEMALE,NO
92.0,mathematics and statistics,FEMALE,
93.0,healthcare,FEMALE,NO
35.0,architecture and construction,MALE,
62.0,no specialisation,MALE,
75.0,veterinary medicine,FEMALE,YES
42.0,physical sciences,FEMALE,NO
22.0,healthcare,FEMALE,NO
72.0,veterinary medicine,FEMALE,NO
24.0,liberal arts,FEMALE,NO
48.0,protection and safety,FEMALE,NO
50.0,physical sciences,FEMALE,NO
45.0,veterinary medicine,FEMALE,
40.0,technical science,MALE,NO
25.0,art,FEMALE,
69.0,architecture and construction,MALE,NO
38.0,services for the population and transport services,MALE,YES
51.0,technical science,MALE,NO
16.0,no specialisation,FEMALE,NO
83.0,protection and safety,FEMALE,NO
59.0,architecture and construction,MALE,NO
34.0,computer science,MALE,NO
85.0,art,FEMALE,NO
30.0,pedagogics,FEMALE,NO
85.0,computer science,MALE,NO
34.0,architecture and construction,MALE,
22.0,healthcare,FEMALE,
46.0,production and processing,MALE,YES
24.0,pedagogics,FEMALE,NO
31.0,healthcare,FEMALE,NO
33.0,social sciences,FEMALE,NO
92.0,environmental protection,MALE,
20.0,environmental protection,MALE,NO
50.0,other,FEMALE,NO
19.0,no specialisation,FEMALE,NO
39.0,mathematics and statistics,FEMALE,NO
95.0,art,FEMALE,YES
86.0,no specialisation,FEMALE,NO
90.0,environmental protection,MALE,
54.0,liberal arts,FEMALE,NO
29.0,public health,FEMALE,NO
67.0,technical science,MALE,NO
47.0,public health,FEMALE,NO
28.0,liberal arts,FEMALE,NO
57.0,pedagogics,FEMALE,NO
60.0,public health,FEMALE,
76.0,mathematics and statistics,FEMALE,NO
71.0,lack of data,FEMALE,NO
25.0,art,FEMALE,NO
57.0,public health,FEMALE,NO
33.0,social sciences,FEMALE,NO
78.0,healthcare,FEMALE,NO
94.0,services for the population and transport services,MALE,
64.0,physical sciences,FEMALE,NO
50.0,services for the population and transport services,FEMALE,NO
25.0,liberal arts,FEMALE,NO
24.0,public health,FEMALE,NO
27.0,liberal arts,FEMALE,NO
56.0,architecture and construction,MALE,NO
22.0,not applicable,FEMALE,
20.0,mathematics and statistics,FEMALE,NO
67.0,environmental protection,MALE,NO
83.0,technical science,MALE,NO
54.0,liberal arts,FEMALE,NO
69.0,architecture and construction,MALE,NO
21.0,law,FEMALE,NO
70.0,mathematics and statistics,FEMALE,
70.0,social sciences,MALE,NO
51.0,services for the population and transport services,FEMALE,NO
16.0,computer science,FEMALE,NO
26.0,social sciences,FEMALE,NO
60.0,economy and administration,FEMALE,NO
82.0,healthcare,FEMALE,NO
72.0,architecture and construction,MALE,NO
84.0,architecture and construction,MALE,NO
33.0,production and processing,MALE,NO
75.0,technical science,MALE,YES
19.0,no specialisation,MALE,NO
69.0,social sciences,FEMALE,NO
71.0,services for the population and transport services,FEMALE,NO
54.0,production and processing,MALE,NO
49.0,veterinary medicine,FEMALE,NO
51.0,services for the population and transport services,MALE,NO
68.0,environmental protection,MALE,NO
97.0,services for the population and transport services,FEMALE,YES
16.0,protection and safety,FEMALE,NO
54.0,liberal arts,FEMALE,NO
57.0,architecture and construction,MALE,NO
87.0,computer science,MALE,NO
39.0,services for the population and transport services,MALE,NO
27.0,economy and administration,FEMALE,NO
57.0,,FEMALE,NO
16.0,protection and safety,FEMALE,NO
19.0,no specialisation,MALE,NO
44.0,pedagogics,FEMALE,NO
59.0,physical sciences,FEMALE,YES
73.0,veterinary medicine,FEMALE,YES
61.0,art,FEMALE,
51.0,environmental protection,MALE,NO
82.0,protection and safety,FEMALE,YES
27.0,economy and administration,FEMALE,NO
86.0,social welfare,MALE,NO
40.0,journalism and information,MALE,NO
80.0,biological sciences,MALE,NO
34.0,architecture and construction,MALE,NO
23.0,pedagogics,FEMALE,NO
96.0,services for the population and transport services,FEMALE,YES
31.0,environmental protection,MALE,NO
79.0,technical science,MALE,
46.0,public health,FEMALE,
36.0,architecture and construction,MALE,
41.0,pedagogics,FEMALE,YES
65.0,other,MALE,YES
88.0,computer science,FEMALE,NO
29.0,healthcare,FEMALE,NO
51.0,mathematics and statistics,FEMALE,NO
56.0,architecture and construction,MALE,NO
86.0,art,FEMALE,NO
96.0,art,FEMALE,YES
24.0,law,FEMALE,NO
31.0,public health,FEMALE,NO
24.0,social sciences,FEMALE,NO
26.0,art,FEMALE,YES
31.0,public health,FEMALE,NO
48.0,production and processing,MALE,NO
42.0,technical science,FEMALE,NO
77.0,veterinary medicine,FEMALE,NO
38.0,armed forces and country protection,FEMALE,NO
34.0,architecture and construction,MALE,NO
52.0,services for the population and transport services,FEMALE,NO
57.0,art,FEMALE,YES
20.0,computer science,MALE,NO
87.0,social welfare,MALE,NO
77.0,technical science,MALE,
23.0,healthcare,FEMALE,NO
49.0,social sciences,FEMALE,NO
33.0,social sciences,FEMALE,NO
21.0,pedagogics,FEMALE,NO
67.0,other,FEMALE,NO
43.0,pedagogics,FEMALE,YES
19.0,healthcare,FEMALE,NO
43.0,physical sciences,FEMALE,NO
71.0,economy and administration,MALE,NO
87.0,biological sciences,MALE,NO
54.0,liberal arts,FEMALE,NO
35.0,protection and safety,FEMALE,NO
17.0,physical sciences,FEMALE,NO
50.0,veterinary medicine,FEMALE,NO
27.0,production and processing,MALE,NO
87.0,art,FEMALE,NO
86.0,art,FEMALE,NO
90.0,architecture and construction,MALE,NO
87.0,computer science,MALE,NO
48.0,pedagogics,FEMALE,
94.0,social sciences,FEMALE,YES
25.0,technical science,MALE,NO
40.0,liberal arts,FEMALE,YES
67.0,other,MALE,YES
71.0,services for the population and transport services,FEMALE,NO
23.0,healthcare,FEMALE,NO
30.0,pedagogics,FEMALE,NO
79.0,biological sciences,MALE,
64.0,no specialisation,MALE,NO
38.0,biological sciences,MALE,NO
31.0,no specialisation,FEMALE,NO
29.0,liberal arts,FEMALE,NO
46.0,mathematics and statistics,FEMALE,
18.0,economy and administration,FEMALE,NO
91.0,art,FEMALE,
27.0,environmental protection,MALE,NO
69.0,economy and administration,MALE,NO
92.0,public health,FEMALE,NO
40.0,protection and safety,FEMALE,NO
40.0,pedagogics,FEMALE,NO
34.0,architecture and construction,MALE,NO
65.0,other,MALE,NO
53.0,architecture and construction,MALE,YES
24.0,"agriculture, forestry, fishing",FEMALE,NO
93.0,journalism and information,MALE,YES
68.0,economy and administration,FEMALE,YES
43.0,pedagogics,FEMALE,YES
84.0,technical science,MALE,NO
84.0,protection and safety,FEMALE,NO
23.0,public health,FEMALE,YES
39.0,technical science,MALE,NO
44.0,physical sciences,FEMALE,YES
42.0,pedagogics,FEMALE,YES
42.0,pedagogics,FEMALE,NO
47.0,social welfare,MALE,NO
26.0,liberal arts,FEMALE,NO
79.0,services for the population and transport services,FEMALE,NO
22.0,production and processing,MALE,YES
22.0,healthcare,FEMALE,NO
22.0,"agriculture, forestry, fishing",MALE,NO
32.0,computer science,MALE,NO
19.0,protection and safety,FEMALE,NO
22.0,pedagogics,FEMALE,
60.0,environmental protection,MALE,NO
23.0,mathematics and statistics,FEMALE,NO
30.0,production and processing,MALE,NO
96.0,armed forces and country protection,MALE,YES
89.0,mathematics and statistics,FEMALE,
19.0,mathematics and statistics,FEMALE,NO
48.0,not applicable,FEMALE,NO
80.0,no specialisation,FEMALE,NO
78.0,lack of data,FEMALE,
90.0,public health,FEMALE,
58.0,architecture and construction,MALE,NO
56.0,architecture and construction,MALE,NO
21.0,mathematics and statistics,FEMALE,NO
54.0,technical science,MALE,NO
21.0,healthcare,FEMALE,NO
94.0,biological sciences,MALE,YES
56.0,technical science,MALE,YES
87.0,biological sciences,MALE,NO
22.0,law,FEMALE,NO
70.0,protection and safety,FEMALE,NO
25.0,environmental protection,MALE,NO
70.0,economy and administration,FEMALE,YES
56.0,liberal arts,FEMALE,NO
62.0,services for the population and transport services,MALE,
55.0,technical science,MALE,NO
29.0,"agriculture, forestry, fishing",MALE,NO
97.0,biological sciences,MALE,YES
79.0,veterinary medicine,FEMALE,NO
25.0,pedagogics,FEMALE,NO
22.0,not applicable,FEMALE,NO
80.0,services for the population and transport services,FEMALE,NO
72.0,architecture and construction,MALE,NO
80.0,"agriculture, forestry, fishing",MALE,NO
69.0,veterinary medicine,FEMALE,
44.0,social sciences,FEMALE,NO
46.0,public health,FEMALE,YES
28.0,art,FEMALE,NO
53.0,no specialisation,FEMALE,NO
77.0,technical science,MALE,YES
73.0,technical science,MALE,NO
76.0,"agriculture, forestry, fishing",FEMALE,YES
21.0,public health,FEMALE,NO
92.0,"agriculture, forestry, fishing",FEMALE,
69.0,veterinary medicine,FEMALE,NO
48.0,mathematics and statistics,FEMALE,
51.0,veterinary medicine,FEMALE,NO
69.0,lack of data,FEMALE,NO
24.0,healthcare,FEMALE,YES
22.0,healthcare,FEMALE,NO
57.0,protection and safety,FEMALE,NO
36.0,computer science,MALE,NO
49.0,social sciences,FEMALE,YES
81.0,pedagogics,FEMALE,NO
72.0,veterinary medicine,FEMALE,NO
85.0,,FEMALE,NO
88.0,computer science,FEMALE,NO
61.0,veterinary medicine,FEMALE,NO
72.0,architecture and construction,MALE,YES
73.0,"agriculture, forestry, fishing",FEMALE,YES
67.0,technical science,MALE,YES
51.0,veterinary medicine,FEMALE,NO
86.0,art,FEMALE,NO
16.0,mathematics and statistics,FEMALE,NO
54.0,no specialisation,MALE,NO
42.0,social sciences,FEMALE,YES
52.0,physical sciences,FEMALE,NO
61.0,services for the population and transport services,FEMALE,NO
17.0,no specialisation,MALE,NO
95.0,production and processing,MALE,
58.0,public health,FEMALE,NO
74.0,public health,FEMALE,YES
29.0,"agriculture, forestry, fishing",FEMALE,NO
96.0,armed forces and country protection,MALE,
49.0,lack of data,FEMALE,NO
93.0,architecture and construction,MALE,NO
32.0,liberal arts,FEMALE,NO
33.0,liberal arts,FEMALE,NO
68.0,technical science,MALE,YES
66.0,other,MALE,NO
64.0,protection and safety,FEMALE,NO
50.0,social welfare,MALE,NO
91.0,mathematics and statistics,FEMALE,
80.0,"agriculture, forestry, fishing",FEMALE,NO
34.0,healthcare,FEMALE,NO
64.0,services for the population and transport services,FEMALE,NO
50.0,technical science,MALE,NO
93.0,journalism and information,MALE,YES
21.0,healthcare,FEMALE,YES
80.0,technical science,FEMALE,
39.0,journalism and information,MALE,NO
28.0,production and processing,MALE,NO
79.0,healthcare,FEMALE,NO
17.0,armed forces and country protection,FEMALE,NO
18.0,no specialisation,FEMALE,NO
67.0,technical science,MALE,NO
94.0,physical sciences,FEMALE,YES
88.0,computer science,MALE,NO
45.0,production and processing,MALE,
46.0,public health,FEMALE,NO
32.0,healthcare,FEMALE,NO
67.0,other,MALE,NO
81.0,production and processing,MALE,NO
85.0,art,FEMALE,NO
80.0,veterinary medicine,FEMALE,NO
91.0,mathematics and statistics,FEMALE,NO
72.0,veterinary medicine,FEMALE,NO
88.0,computer science,MALE,NO
69.0,no specialisation,FEMALE,NO
54.0,biological sciences,MALE,NO
80.0,"agriculture, forestry, fishing",MALE,
60.0,economy and administration,FEMALE,YES
27.0,liberal arts,FEMALE,NO
48.0,mathematics and statistics,FEMALE,NO
88.0,social welfare,MALE,NO
58.0,physical sciences,FEMALE,NO
50.0,mathematics and statistics,FEMALE,NO
70.0,,FEMALE,NO
93.0,physical sciences,FEMALE,YES
84.0,healthcare,FEMALE,NO
35.0,protection and safety,FEMALE,NO
17.0,no specialisation,FEMALE,NO
88.0,social welfare,MALE,NO
54.0,technical science,MALE,NO
67.0,lack of data,MALE,NO
58.0,other,FEMALE,NO
26.0,environmental protection,MALE,YES
59.0,physical sciences,FEMALE,NO
89.0,,FEMALE,NO
62.0,social sciences,FEMALE,NO
65.0,lack of data,FEMALE,NO
84.0,architecture and construction,MALE,NO
77.0,veterinary medicine,FEMALE,YES
35.0,liberal arts,FEMALE,
81.0,healthcare,FEMALE,NO
22.0,healthcare,FEMALE,NO
64.0,no specialisation,FEMALE,NO
72.0,veterinary medicine,FEMALE,NO
88.0,,FEMALE,NO
32.0,healthcare,FEMALE,NO
39.0,journalism and information,MALE,NO
53.0,no specialisation,FEMALE,YES
78.0,"agriculture, forestry, fishing",MALE,NO
89.0,biological sciences,MALE,NO
65.0,technical science,MALE,NO
81.0,"agriculture, forestry, fishing",FEMALE,NO
94.0,armed forces and country protection,FEMALE,YES
18.0,mathematics and statistics,FEMALE,NO
23.0,protection and safety,FEMALE,
89.0,environmental protection,MALE,
89.0,healthcare,FEMALE,
18.0,healthcare,FEMALE,NO
89.0,social welfare,MALE,NO
28.0,economy and administration,FEMALE,NO
51.0,other,FEMALE,NO
57.0,,FEMALE,NO
19.0,protection and safety,FEMALE,NO
38.0,healthcare,FEMALE,NO
66.0,public health,FEMALE,NO
51.0,veterinary medicine,FEMALE,NO
54.0,law,FEMALE,NO
87.0,protection and safety,FEMALE,NO
73.0,architecture and construction,MALE,NO
32.0,technical science,MALE,
60.0,architecture and construction,MALE,NO
22.0,law,FEMALE,NO
48.0,not applicable,FEMALE,NO
68.0,environmental protection,MALE,NO
27.0,production and processing,MALE,NO
67.0,other,MALE,YES
63.0,protection and safety,FEMALE,NO
51.0,journalism and information,MALE,NO
22.0,not applicable,FEMALE,NO
35.0,services for the population and transport services,FEMALE,NO
80.0,services for the population and transport services,MALE,NO
34.0,protection and safety,FEMALE,NO
24.0,not applicable,FEMALE,NO
30.0,production and processing,MALE,NO
70.0,architecture and construction,MALE,NO
53.0,no specialisation,MALE,NO
76.0,social sciences,FEMALE,NO
45.0,pedagogics,FEMALE,YES
35.0,technical science,MALE,NO
81.0,environmental protection,MALE,
70.0,architecture and construction,MALE,NO
50.0,physical sciences,FEMALE,NO
42.0,architecture and construction,MALE,NO
33.0,services for the population and transport services,FEMALE,NO
61.0,environmental protection,MALE,
23.0,not applicable,FEMALE,NO
52.0,services for the population and transport services,MALE,NO
44.0,services for the population and transport services,FEMALE,NO
40.0,no specialisation,FEMALE,NO
80.0,veterinary medicine,FEMALE,NO
68.0,no specialisation,MALE,NO
40.0,healthcare,FEMALE,NO
82.0,healthcare,FEMALE,NO
89.0,public health,FEMALE,NO
91.0,mathematics and statistics,FEMALE,NO
75.0,mathematics and statistics,FEMALE,YES
49.0,"agriculture, forestry, fishing",FEMALE,NO
23.0,healthcare,FEMALE,NO
52.0,social sciences,FEMALE,NO
43.0,services for the population and transport services,FEMALE,NO
48.0,public health,FEMALE,YES
31.0,"agriculture, forestry, fishing",FEMALE,NO
23.0,"agriculture, forestry, fishing",MALE,NO
81.0,healthcare,FEMALE,NO
47.0,no specialisation,MALE,YES
83.0,technical science,FEMALE,YES
56.0,liberal arts,FEMALE,NO
18.0,healthcare,FEMALE,NO
82.0,pedagogics,FEMALE,NO
42.0,technical science,MALE,YES
91.0,public health,FEMALE,
69.0,social sciences,FEMALE,NO
85.0,computer science,MALE,NO
21.0,armed forces and country protection,FEMALE,NO
67.0,not applicable,FEMALE,NO
35.0,protection and safety,FEMALE,NO
79.0,veterinary medicine,FEMALE,
18.0,lack of data,MALE,NO
40.0,journalism and information,MALE,NO
16.0,no specialisation,FEMALE,NO
54.0,production and processing,MALE,NO
59.0,other,MALE,NO
19.0,protection and safety,FEMALE,NO
72.0,law,FEMALE,NO
51.0,social sciences,FEMALE,NO
35.0,computer science,MALE,
44.0,healthcare,FEMALE,NO
48.0,public health,FEMALE,YES
22.0,healthcare,FEMALE,NO
16.0,production and processing,MALE,NO
82.0,healthcare,FEMALE,NO
32.0,computer science,MALE,NO
36.0,healthcare,FEMALE,NO
23.0,social welfare,MALE,NO
17.0,no specialisation,MALE,NO
57.0,economy and administration,FEMALE,YES
22.0,healthcare,FEMALE,NO
34.0,"agriculture, forestry, fishing",FEMALE,NO
68.0,public health,FEMALE,YES
19.0,economy and administration,FEMALE,NO
22.0,pedagogics,FEMALE,NO
23.0,"agriculture, forestry, fishing",MALE,NO
44.0,social sciences,FEMALE,NO
86.0,computer science,MALE,NO
50.0,"agriculture, forestry, fishing",MALE,NO
83.0,healthcare,FEMALE,YES
52.0,technical science,MALE,NO
65.0,environmental protection,MALE,NO
47.0,no specialisation,FEMALE,NO
26.0,liberal arts,MALE,NO
19.0,healthcare,FEMALE,NO
65.0,technical science,MALE,NO
36.0,services for the population and transport services,MALE,NO
65.0,public health,FEMALE,YES
62.0,no specialisation,MALE,
59.0,services for the population and transport services,FEMALE,NO
47.0,mathematics and statistics,FEMALE,YES
31.0,no specialisation,FEMALE,NO
65.0,no specialisation,FEMALE,YES
52.0,economy and administration,FEMALE,NO
62.0,technical science,MALE,NO
68.0,environmental protection,MALE,NO
25.0,computer science,MALE,YES
34.0,economy and administration,FEMALE,NO
79.0,services for the population and transport services,MALE,NO
59.0,public health,FEMALE,NO
46.0,mathematics and statistics,FEMALE,NO
32.0,"agriculture, forestry, fishing",MALE,NO
52.0,veterinary medicine,FEMALE,NO
87.0,art,FEMALE,NO
35.0,social sciences,FEMALE,NO
50.0,services for the population and transport services,MALE,YES
67.0,technical science,MALE,YES
47.0,public health,FEMALE,YES
32.0,healthcare,FEMALE,NO
57.0,economy and administration,FEMALE,NO
22.0,law,FEMALE,NO
33.0,computer science,MALE,NO
17.0,protection and safety,FEMALE,NO
77.0,social sciences,FEMALE,
77.0,production and processing,MALE,NO
35.0,computer science,FEMALE,NO
34.0,architecture and construction,MALE,
29.0,pedagogics,FEMALE,NO
17.0,no specialisation,MALE,NO
87.0,computer science,MALE,NO
70.0,lack of data,MALE,NO
20.0,not applicable,FEMALE,YES
42.0,physical sciences,FEMALE,NO
56.0,no specialisation,FEMALE,NO
80.0,veterinary medicine,FEMALE,
60.0,architecture and construction,MALE,YES
28.0,production and processing,MALE,NO
54.0,technical science,MALE,NO
19.0,economy and administration,FEMALE,NO
92.0,computer science,MALE,NO
46.0,public health,FEMALE,YES
54.0,no specialisation,MALE,NO
87.0,,FEMALE,NO
83.0,pedagogics,FEMALE,NO
55.0,technical science,MALE,NO
80.0,"agriculture, forestry, fishing",MALE,
93.0,art,FEMALE,
19.0,production and processing,MALE,NO
71.0,mathematics and statistics,FEMALE,YES
49.0,social sciences,FEMALE,NO
46.0,mathematics and statistics,FEMALE,NO
70.0,protection and safety,FEMALE,NO
72.0,other,MALE,YES
95.0,armed forces and country protection,FEMALE,
17.0,protection and safety,FEMALE,NO
69.0,protection and safety,FEMALE,NO
57.0,armed forces and country protection,MALE,NO
25.0,other,FEMALE,NO
43.0,healthcare,FEMALE,NO
35.0,mathematics and statistics,FEMALE,NO
34.0,mathematics and statistics,FEMALE,NO
84.0,armed forces and country protection,FEMALE,NO
63.0,art,FEMALE,
45.0,architecture and construction,MALE,YES
88.0,computer science,MALE,NO
74.0,social sciences,FEMALE,NO
28.0,"agriculture, forestry, fishing",FEMALE,NO
49.0,mathematics and statistics,FEMALE,NO
50.0,services for the population and transport services,FEMALE,NO
95.0,armed forces and country protection,FEMALE,YES
31.0,economy and administration,MALE,NO
64.0,protection and safety,FEMALE,NO
31.0,production and processing,MALE,NO
68.0,other,MALE,NO
55.0,biological sciences,MALE,NO
94.0,services for the population and transport services,MALE,
88.0,art,FEMALE,NO
19.0,art,FEMALE,NO
33.0,services for the population and transport services,FEMALE,NO
70.0,lack of data,FEMALE,NO
82.0,healthcare,FEMALE,YES
24.0,healthcare,FEMALE,NO
23.0,healthcare,FEMALE,NO
82.0,healthcare,FEMALE,YES
61.0,protection and safety,FEMALE,
34.0,economy and administration,MALE,NO
17.0,healthcare,FEMALE,NO
52.0,services for the population and transport services,MALE,NO
37.0,technical science,MALE,NO
94.0,physical sciences,FEMALE,YES
38.0,armed forces and country protection,FEMALE,NO
21.0,not applicable,FEMALE,NO
49.0,physical sciences,FEMALE,NO
85.0,healthcare,FEMALE,NO
64.0,social sciences,FEMALE,NO
69.0,services for the population and transport services,FEMALE,NO
30.0,pedagogics,FEMALE,NO
85.0,art,FEMALE,NO
58.0,protection and safety,FEMALE,
61.0,technical science,MALE,
27.0,economy and administration,FEMALE,NO
49.0,veterinary medicine,FEMALE,NO
29.0,public health,FEMALE,NO
20.0,healthcare,FEMALE,NO
48.0,physical sciences,FEMALE,NO
22.0,healthcare,FEMALE,NO
54.0,armed forces and country protection,FEMALE,NO
83.0,services for the population and transport services,MALE,NO
53.0,production and processing,MALE,NO
96.0,physical sciences,FEMALE,YES
21.0,art,FEMALE,NO
23.0,law,FEMALE,NO
23.0,social welfare,MALE,NO
86.0,art,FEMALE,NO
54.0,architecture and construction,MALE,NO
86.0,computer science,MALE,NO
36.0,economy and administration,FEMALE,NO
96.0,services for the population and transport services,FEMALE,
79.0,production and processing,MALE,
23.0,"agriculture, forestry, fishing",FEMALE,NO
77.0,"agriculture, forestry, fishing",MALE,
68.0,other,FEMALE,NO
94.0,physical sciences,FEMALE,YES
54.0,armed forces and country protection,FEMALE,NO
58.0,physical sciences,FEMALE,NO
72.0,economy and administration,MALE,NO
20.0,healthcare,FEMALE,NO
56.0,liberal arts,FEMALE,NO
58.0,armed forces and country protection,FEMALE,NO
71.0,veterinary medicine,FEMALE,NO
79.0,veterinary medicine,FEMALE,NO
89.0,mathematics and statistics,FEMALE,
80.0,environmental protection,MALE,NO
70.0,veterinary medicine,FEMALE,NO
30.0,services for the population and transport services,FEMALE,NO
23.0,protection and safety,FEMALE,NO
78.0,no specialisation,FEMALE,NO
69.0,liberal arts,FEMALE,NO
49.0,services for the population and transport services,MALE,NO
19.0,no specialisation,MALE,NO
41.0,production and processing,MALE,NO
95.0,other,FEMALE,YES
81.0,protection and safety,FEMALE,NO
16.0,architecture and construction,MALE,NO
82.0,law,FEMALE,NO
58.0,biological sciences,MALE,YES
33.0,economy and administration,FEMALE,NO
89.0,computer science,MALE,NO
20.0,no specialisation,FEMALE,NO
24.0,"agriculture, forestry, fishing",MALE,YES
52.0,veterinary medicine,FEMALE,NO
56.0,no specialisation,FEMALE,NO
71.0,architecture and construction,MALE,NO
46.0,production and processing,MALE,YES
92.0,environmental protection,MALE,
83.0,armed forces and country protection,FEMALE,YES
70.0,social sciences,FEMALE,NO
35.0,computer science,MALE,NO
94.0,armed forces and country protection,MALE,YES
35.0,architecture and construction,MALE,NO
85.0,protection and safety,FEMALE,NO
34.0,production and processing,MALE,NO
77.0,"agriculture, forestry, fishing",FEMALE,NO
34.0,computer science,FEMALE,NO
34.0,protection and safety,FEMALE,NO
87.0,art,FEMALE,NO
41.0,pedagogics,FEMALE,NO
91.0,computer science,FEMALE,NO
52.0,mathematics and statistics,FEMALE,NO
24.0,social welfare,MALE,NO
21.0,healthcare,FEMALE,NO
47.0,production and processing,MALE,NO
16.0,mathematics and statistics,FEMALE,NO
69.0,architecture and construction,MALE,NO
67.0,lack of data,FEMALE,YES
51.0,social sciences,FEMALE,YES
49.0,veterinary medicine,FEMALE,NO
51.0,social sciences,MALE,NO
97.0,art,FEMALE,YES
44.0,journalism and information,MALE,YES
49.0,social sciences,MALE,NO
75.0,other,MALE,NO
38.0,services for the population and transport services,FEMALE,NO
39.0,services for the population and transport services,FEMALE,NO
36.0,architecture and construction,MALE,NO
37.0,journalism and information,MALE,NO
20.0,no specialisation,FEMALE,NO
57.0,technical science,MALE,NO
81.0,technical science,MALE,NO
93.0,mathematics and statistics,FEMALE,
33.0,architecture and construction,MALE,NO
72.0,liberal arts,FEMALE,NO
61.0,no specialisation,FEMALE,NO
39.0,technical science,MALE,NO
82.0,healthcare,FEMALE,NO
84.0,healthcare,FEMALE,NO
60.0,physical sciences,FEMALE,NO
20.0,no specialisation,FEMALE,NO
35.0,computer science,MALE,NO
26.0,art,FEMALE,YES
53.0,no specialisation,FEMALE,NO
79.0,services for the population and transport services,FEMALE,NO
50.0,services for the population and transport services,FEMALE,NO
76.0,veterinary medicine,FEMALE,YES
32.0,liberal arts,MALE,NO
54.0,liberal arts,FEMALE,NO
91.0,"agriculture, forestry, fishing",MALE,
70.0,social sciences,FEMALE,NO
29.0,production and processing,MALE,NO
29.0,public health,FEMALE,NO
46.0,no specialisation,FEMALE,NO
66.0,technical science,MALE,NO
22.0,"agriculture, forestry, fishing",MALE,NO
97.0,armed forces and country protection,FEMALE,YES
22.0,law,FEMALE,
69.0,architecture and construction,MALE,NO
93.0,architecture and construction,MALE,NO
67.0,other,MALE,YES
21.0,computer science,FEMALE,NO
52.0,physical sciences,FEMALE,NO
81.0,technical science,MALE,NO
32.0,services for the population and transport services,FEMALE,NO
25.0,economy and administration,MALE,
53.0,architecture and construction,MALE,NO
33.0,technical science,MALE,NO
88.0,,FEMALE,NO
81.0,law,FEMALE,YES
36.0,mathematics and statistics,FEMALE,NO
58.0,art,FEMALE,YES
17.0,protection and safety,FEMALE,NO
19.0,mathematics and statistics,FEMALE,NO
37.0,services for the population and transport services,FEMALE,NO
43.0,pedagogics,FEMALE,NO
84.0,architecture and construction,MALE,NO
23.0,healthcare,FEMALE,NO
50.0,services for the population and transport services,MALE,NO
55.0,production and processing,MALE,YES
23.0,physical sciences,FEMALE,NO
53.0,production and processing,MALE,NO
22.0,pedagogics,FEMALE,NO
47.0,production and processing,MALE,NO
66.0,physical sciences,FEMALE,NO
17.0,no specialisation,MALE,NO
60.0,public health,FEMALE,NO
77.0,lack of data,FEMALE,NO
56.0,no specialisation,FEMALE,NO
69.0,liberal arts,FEMALE,NO
89.0,computer science,FEMALE,NO
24.0,healthcare,FEMALE,NO
33.0,architecture and construction,MALE,NO
80.0,healthcare,FEMALE,NO
63.0,liberal arts,FEMALE,NO
60.0,architecture and construction,MALE,NO
87.0,computer science,MALE,NO
50.0,economy and administration,FEMALE,NO
19.0,economy and administration,FEMALE,NO
76.0,journalism and information,MALE,NO
91.0,art,FEMALE,
20.0,protection and safety,FEMALE,NO
43.0,journalism and information,MALE,YES
18.0,armed forces and country protection,FEMALE,NO
48.0,pedagogics,FEMALE,NO
95.0,biological sciences,MALE,
72.0,architecture and construction,MALE,NO
85.0,art,FEMALE,NO
17.0,mathematics and statistics,FEMALE,NO
17.0,protection and safety,FEMALE,NO
57.0,production and processing,MALE,NO
73.0,"agriculture, forestry, fishing",MALE,YES
69.0,services for the population and transport services,MALE,NO
83.0,healthcare,FEMALE,NO
55.0,production and processing,MALE,NO
51.0,"agriculture, forestry, fishing",FEMALE,NO
71.0,liberal arts,FEMALE,NO
79.0,"agriculture, forestry, fishing",FEMALE,NO
62.0,services for the population and transport services,FEMALE,
20.0,computer science,MALE,NO
43.0,production and processing,MALE,NO
79.0,environmental protection,MALE,
87.0,art,FEMALE,NO
77.0,technical science,MALE,NO
23.0,pedagogics,FEMALE,NO
78.0,technical science,MALE,NO
79.0,healthcare,FEMALE,NO
75.0,social sciences,FEMALE,NO
55.0,technical science,MALE,NO
43.0,liberal arts,FEMALE,YES
68.0,technical science,FEMALE,NO
18.0,healthcare,FEMALE,NO
83.0,healthcare,FEMALE,YES
72.0,,FEMALE,NO
74.0,veterinary medicine,FEMALE,YES
27.0,economy and administration,FEMALE,NO
51.0,social sciences,MALE,NO
96.0,journalism and information,MALE,YES
71.0,veterinary medicine,FEMALE,YES
64.0,social sciences,FEMALE,NO
28.0,technical science,MALE,NO
42.0,pedagogics,FEMALE,YES
83.0,healthcare,FEMALE,NO
20.0,computer science,FEMALE,NO
55.0,no specialisation,FEMALE,NO
58.0,production and processing,MALE,YES
35.0,public health,FEMALE,NO
80.0,biological sciences,MALE,
20.0,no specialisation,FEMALE,NO
23.0,mathematics and statistics,FEMALE,NO
35.0,computer science,FEMALE,NO
60.0,other,FEMALE,NO
93.0,environmental protection,MALE,
66.0,no specialisation,MALE,NO
91.0,computer science,MALE,
55.0,technical science,MALE,NO
83.0,healthcare,FEMALE,NO
51.0,physical sciences,FEMALE,NO
97.0,armed forces and country protection,FEMALE,YES
16.0,physical sciences,FEMALE,NO
17.0,environmental protection,MALE,NO
50.0,veterinary medicine,FEMALE,NO
55.0,liberal arts,FEMALE,NO
44.0,pedagogics,FEMALE,YES
87.0,computer science,MALE,NO
70.0,social sciences,FEMALE,NO
96.0,services for the population and transport services,FEMALE,
59.0,economy and administration,FEMALE,NO
52.0,technical science,MALE,NO
54.0,architecture and construction,MALE,NO
60.0,public health,FEMALE,YES
70.0,mathematics and statistics,FEMALE,NO
75.0,social sciences,FEMALE,YES
87.0,no specialisation,MALE,NO
34.0,architecture and construction,MALE,
60.0,economy and administration,FEMALE,NO
87.0,,FEMALE,NO
22.0,healthcare,FEMALE,NO
87.0,art,MALE,NO
46.0,services for the population and transport services,MALE,NO
21.0,architecture and construction,MALE,NO
53.0,architecture and construction,MALE,NO
22.0,healthcare,FEMALE,NO
70.0,architecture and construction,MALE,NO
78.0,,FEMALE,NO
71.0,protection and safety,FEMALE,NO
63.0,no specialisation,FEMALE,NO
51.0,services for the population and transport services,MALE,NO
45.0,production and processing,MALE,YES
53.0,biological sciences,MALE,NO
28.0,computer science,MALE,NO
62.0,social welfare,MALE,NO
91.0,healthcare,FEMALE,NO
37.0,mathematics and statistics,FEMALE,YES
71.0,liberal arts,FEMALE,NO
90.0,architecture and construction,MALE,
20.0,protection and safety,FEMALE,NO
45.0,not applicable,FEMALE,NO
28.0,production and processing,MALE,YES
38.0,healthcare,FEMALE,NO
53.0,liberal arts,FEMALE,NO
88.0,computer science,MALE,NO
90.0,mathematics and statistics,FEMALE,
58.0,production and processing,MALE,NO
71.0,technical science,MALE,NO
59.0,production and processing,MALE,YES
62.0,no specialisation,FEMALE,NO
76.0,mathematics and statistics,FEMALE,YES
84.0,armed forces and country protection,FEMALE,NO
67.0,no specialisation,FEMALE,YES
85.0,art,FEMALE,NO
23.0,pedagogics,FEMALE,NO
36.0,protection and safety,FEMALE,NO
23.0,technical science,MALE,NO
84.0,healthcare,FEMALE,YES
53.0,liberal arts,FEMALE,NO
88.0,computer science,MALE,NO
46.0,social welfare,MALE,
41.0,services for the population and transport services,MALE,YES
28.0,services for the population and transport services,MALE,NO
57.0,architecture and construction,MALE,NO
26.0,other,MALE,NO
17.0,economy and administration,FEMALE,NO
84.0,armed forces and country protection,FEMALE,NO
93.0,services for the population and transport services,FEMALE,YES
87.0,computer science,FEMALE,NO
86.0,no specialisation,MALE,NO
92.0,no specialisation,FEMALE,NO
88.0,computer science,FEMALE,NO
54.0,no specialisation,FEMALE,NO
47.0,architecture and construction,MALE,YES
79.0,"agriculture, forestry, fishing",FEMALE,NO
45.0,social welfare,MALE,NO
39.0,mathematics and statistics,FEMALE,NO
62.0,technical science,MALE,NO
88.0,no specialisation,MALE,NO
92.0,mathematics and statistics,FEMALE,
22.0,healthcare,FEMALE,
54.0,architecture and construction,MALE,NO
41.0,healthcare,FEMALE,NO
44.0,pedagogics,FEMALE,NO
46.0,public health,FEMALE,NO
23.0,not applicable,FEMALE,NO
36.0,public health,FEMALE,NO
90.0,art,FEMALE,NO
81.0,pedagogics,FEMALE,NO
22.0,social welfare,MALE,NO
17.0,computer science,FEMALE,NO
50.0,economy and administration,FEMALE,NO
28.0,public health,FEMALE,NO
30.0,services for the population and transport services,MALE,NO
26.0,economy and administration,FEMALE,NO
43.0,healthcare,FEMALE,NO
67.0,physical sciences,FEMALE,YES
54.0,liberal arts,FEMALE,NO
20.0,physical sciences,FEMALE,NO
48.0,no specialisation,MALE,NO
29.0,public health,FEMALE,NO
68.0,social sciences,FEMALE,YES
71.0,social sciences,FEMALE,NO
93.0,physical sciences,FEMALE,YES
43.0,physical sciences,FEMALE,YES
73.0,mathematics and statistics,FEMALE,NO
29.0,"agriculture, forestry, fishing",MALE,NO
23.0,healthcare,FEMALE,NO
35.0,architecture and construction,MALE,NO
18.0,mathematics and statistics,FEMALE,NO
50.0,social sciences,MALE,NO
83.0,pedagogics,FEMALE,NO
17.0,production and processing,MALE,NO
22.0,computer science,MALE,NO
19.0,environmental protection,MALE,NO
23.0,art,FEMALE,NO
43.0,social sciences,MALE,NO
31.0,healthcare,FEMALE,NO
57.0,other,FEMALE,NO
89.0,art,FEMALE,
96.0,armed forces and country protection,FEMALE,YES
39.0,journalism and information,MALE,NO
85.0,healthcare,FEMALE,YES
81.0,healthcare,FEMALE,NO
24.0,pedagogics,FEMALE,
82.0,healthcare,FEMALE,NO
34.0,public health,FEMALE,
57.0,architecture and construction,MALE,NO
84.0,healthcare,FEMALE,NO
56.0,production and processing,MALE,NO
32.0,pedagogics,FEMALE,NO
94.0,armed forces and country protection,FEMALE,
45.0,mathematics and statistics,FEMALE,YES
22.0,healthcare,FEMALE,NO
58.0,physical sciences,FEMALE,YES
28.0,art,FEMALE,NO
94.0,production and processing,MALE,YES
68.0,no specialisation,FEMALE,YES
60.0,environmental protection,MALE,
45.0,public health,FEMALE,NO
93.0,computer science,MALE,
86.0,art,FEMALE,NO
23.0,"agriculture, forestry, fishing",MALE,NO
70.0,social sciences,MALE,NO
89.0,no specialisation,FEMALE,NO
19.0,no specialisation,FEMALE,NO
94.0,armed forces and country protection,FEMALE,YES
20.0,armed forces and country protection,MALE,NO
82.0,healthcare,FEMALE,NO
89.0,no specialisation,MALE,NO
47.0,protection and safety,FEMALE,NO
84.0,no specialisation,FEMALE,NO
41.0,social sciences,FEMALE,NO
22.0,law,FEMALE,NO
59.0,"agriculture, forestry, fishing",MALE,NO
93.0,mathematics and statistics,FEMALE,
71.0,architecture and construction,MALE,YES
24.0,healthcare,FEMALE,NO
50.0,veterinary medicine,FEMALE,NO
75.0,social sciences,FEMALE,NO
71.0,economy and administration,FEMALE,NO
81.0,law,FEMALE,NO
33.0,mathematics and statistics,FEMALE,NO
21.0,public health,FEMALE,NO
70.0,architecture and construction,MALE,NO
21.0,architecture and construction,MALE,NO
95.0,armed forces and country protection,FEMALE,
57.0,physical sciences,FEMALE,
90.0,mathematics and statistics,FEMALE,NO
28.0,social sciences,MALE,NO
77.0,healthcare,FEMALE,
18.0,no specialisation,FEMALE,NO
69.0,protection and safety,FEMALE,NO
35.0,not applicable,FEMALE,NO
78.0,healthcare,FEMALE,NO
88.0,art,FEMALE,NO
23.0,not applicable,FEMALE,NO
46.0,art,FEMALE,NO
65.0,technical science,MALE,NO
21.0,not applicable,FEMALE,NO
58.0,biological sciences,MALE,
63.0,protection and safety,FEMALE,NO
96.0,armed forces and country protection,MALE,
91.0,public health,FEMALE,
70.0,mathematics and statistics,FEMALE,NO
93.0,art,FEMALE,YES
69.0,architecture and construction,MALE,NO
34.0,,FEMALE,
69.0,environmental protection,MALE,YES
75.0,veterinary medicine,FEMALE,YES
56.0,no specialisation,MALE,NO
19.0,no specialisation,FEMALE,NO
73.0,architecture and construction,MALE,NO
82.0,technical science,MALE,NO
47.0,public health,FEMALE,NO
66.0,no specialisation,FEMALE,NO
56.0,armed forces and country protection,FEMALE,NO
59.0,biological sciences,MALE,NO
58.0,mathematics and statistics,FEMALE,NO
81.0,lack of data,FEMALE,NO
72.0,other,MALE,NO
58.0,architecture and construction,MALE,NO
91.0,architecture and construction,MALE,
70.0,no specialisation,FEMALE,NO
91.0,"agriculture, forestry, fishing",MALE,
42.0,architecture and construction,MALE,YES
81.0,law,FEMALE,NO
84.0,architecture and construction,MALE,NO
61.0,liberal arts,MALE,
59.0,economy and administration,FEMALE,YES
85.0,computer science,FEMALE,NO
56.0,liberal arts,FEMALE,NO
17.0,armed forces and country protection,FEMALE,NO
41.0,journalism and information,MALE,YES
36.0,mathematics and statistics,FEMALE,YES
52.0,social sciences,FEMALE,NO
84.0,technical science,FEMALE,NO
33.0,healthcare,FEMALE,
24.0,healthcare,FEMALE,NO
95.0,other,FEMALE,YES
90.0,art,FEMALE,
39.0,journalism and information,MALE,NO
32.0,architecture and construction,MALE,NO
23.0,law,FEMALE,NO
94.0,armed forces and country protection,FEMALE,YES
70.0,other,MALE,NO
56.0,production and processing,MALE,NO
31.0,,FEMALE,NO
20.0,computer science,FEMALE,NO
33.0,computer science,FEMALE,NO
20.0,technical science,MALE,NO
48.0,social welfare,MALE,NO
43.0,physical sciences,FEMALE,YES
49.0,social sciences,FEMALE,NO
17.0,computer science,FEMALE,NO
24.0,social welfare,MALE,NO
63.0,social welfare,MALE,NO
26.0,economy and administration,FEMALE,NO
84.0,no specialisation,FEMALE,NO
68.0,technical science,MALE,YES
30.0,production and processing,MALE,NO
56.0,production and processing,MALE,NO
68.0,other,FEMALE,NO
28.0,environmental protection,MALE,YES
50.0,veterinary medicine,FEMALE,NO
93.0,mathematics and statistics,FEMALE,
36.0,healthcare,FEMALE,NO
18.0,protection and safety,FEMALE,NO
84.0,pedagogics,FEMALE,NO
49.0,journalism and information,MALE,NO
84.0,healthcare,FEMALE,YES
86.0,computer science,MALE,NO
44.0,architecture and construction,MALE,YES
50.0,physical sciences,FEMALE,YES
56.0,no specialisation,FEMALE,NO
29.0,economy and administration,FEMALE,NO
34.0,architecture and construction,MALE,NO
91.0,"agriculture, forestry, fishing",MALE,
24.0,public health,FEMALE,NO
94.0,computer science,MALE,YES
92.0,environmental protection,MALE,
23.0,"agriculture, forestry, fishing",FEMALE,NO
40.0,art,FEMALE,NO
23.0,social welfare,MALE,NO
38.0,economy and administration,FEMALE,NO
52.0,veterinary medicine,FEMALE,NO
28.0,art,FEMALE,NO
93.0,environmental protection,MALE,
88.0,social welfare,MALE,NO
45.0,mathematics and statistics,FEMALE,YES
90.0,environmental protection,MALE,NO
24.0,protection and safety,FEMALE,NO
81.0,architecture and construction,MALE,NO
54.0,technical science,MALE,NO
73.0,social sciences,FEMALE,NO
82.0,architecture and construction,MALE,NO
49.0,services for the population and transport services,MALE,NO
50.0,veterinary medicine,FEMALE,NO
64.0,no specialisation,FEMALE,NO
67.0,other,FEMALE,YES
29.0,production and processing,MALE,NO
89.0,environmental protection,MALE,
56.0,production and processing,MALE,NO
78.0,no specialisation,MALE,
54.0,liberal arts,FEMALE,NO
65.0,technical science,MALE,NO
62.0,services for the population and transport services,MALE,NO
68.0,technical science,MALE,NO
78.0,social sciences,FEMALE,
58.0,architecture and construction,MALE,NO
21.0,pedagogics,FEMALE,NO
35.0,protection and safety,FEMALE,NO
46.0,production and processing,MALE,NO
17.0,environmental protection,MALE,NO
69.0,mathematics and statistics,FEMALE,NO
55.0,architecture and construction,MALE,NO
22.0,architecture and construction,MALE,NO
65.0,other,MALE,NO
25.0,pedagogics,FEMALE,YES
87.0,computer science,FEMALE,NO
71.0,mathematics and statistics,FEMALE,NO
17.0,no specialisation,FEMALE,NO
79.0,"agriculture, forestry, fishing",MALE,
48.0,art,FEMALE,NO
93.0,physical sciences,FEMALE,YES
58.0,,FEMALE,NO
55.0,production and processing,MALE,NO
95.0,armed forces and country protection,FEMALE,YES
72.0,services for the population and transport services,FEMALE,NO
72.0,mathematics and statistics,FEMALE,NO
71.0,architecture and construction,MALE,NO
44.0,pedagogics,FEMALE,YES
27.0,economy and administration,MALE,YES
33.0,mathematics and statistics,FEMALE,NO
81.0,healthcare,FEMALE,YES
30.0,production and processing,MALE,NO
90.0,mathematics and statistics,FEMALE,
16.0,armed forces and country protection,FEMALE,NO
88.0,computer science,MALE,NO
18.0,no specialisation,MALE,NO
40.0,services for the population and transport services,FEMALE,NO
23.0,"agriculture, forestry, fishing",FEMALE,NO
96.0,physical sciences,FEMALE,YES
95.0,armed forces and country protection,FEMALE,
48.0,pedagogics,FEMALE,NO
76.0,social sciences,FEMALE,YES
57.0,economy and administration,FEMALE,NO
79.0,no specialisation,FEMALE,NO
29.0,public health,FEMALE,NO
96.0,biological sciences,MALE,YES
46.0,art,FEMALE,NO
49.0,technical science,MALE,NO
64.0,protection and safety,FEMALE,
28.0,public health,FEMALE,NO
27.0,social sciences,FEMALE,NO
21.0,not applicable,FEMALE,YES
54.0,no specialisation,FEMALE,NO
27.0,other,FEMALE,NO
69.0,protection and safety,FEMALE,YES
53.0,liberal arts,FEMALE,NO
89.0,architecture and construction,MALE,NO
28.0,art,FEMALE,NO
76.0,veterinary medicine,FEMALE,NO
81.0,architecture and construction,MALE,NO
17.0,protection and safety,FEMALE,NO
75.0,technical science,MALE,YES
97.0,art,MALE,
57.0,protection and safety,FEMALE,NO
40.0,healthcare,FEMALE,NO
66.0,economy and administration,FEMALE,NO
96.0,social sciences,MALE,YES
81.0,technical science,MALE,YES
38.0,journalism and information,MALE,NO
18.0,physical sciences,FEMALE,NO
88.0,biological sciences,MALE,NO
52.0,services for the population and transport services,MALE,NO
45.0,social welfare,MALE,NO
92.0,healthcare,FEMALE,NO
26.0,production and processing,MALE,NO
24.0,social welfare,MALE,NO
24.0,"agriculture, forestry, fishing",FEMALE,NO
73.0,social sciences,FEMALE,NO
26.0,pedagogics,FEMALE,YES
63.0,mathematics and statistics,FEMALE,NO
78.0,no specialisation,MALE,NO
49.0,services for the population and transport services,FEMALE,NO
20.0,protection and safety,FEMALE,NO
16.0,no specialisation,MALE,NO
18.0,no specialisation,MALE,NO
77.0,technical science,MALE,NO
16.0,economy and administration,MALE,NO
34.0,architecture and construction,MALE,NO
29.0,production and processing,MALE,NO
70.0,protection and safety,FEMALE,NO
61.0,other,MALE,YES
78.0,environmental protection,MALE,NO
84.0,healthcare,FEMALE,NO
39.0,physical sciences,FEMALE,NO
65.0,environmental protection,MALE,NO
46.0,no specialisation,MALE,NO
21.0,healthcare,FEMALE,NO
46.0,no specialisation,MALE,NO
25.0,economy and administration,FEMALE,YES
33.0,computer science,MALE,NO
47.0,public health,FEMALE,NO
53.0,liberal arts,FEMALE,NO
26.0,economy and administration,FEMALE,NO
43.0,social sciences,MALE,YES
70.0,liberal arts,FEMALE,NO
17.0,armed forces and country protection,MALE,NO
19.0,protection and safety,FEMALE,NO
81.0,healthcare,FEMALE,NO
57.0,other,MALE,NO
58.0,physical sciences,FEMALE,YES
75.0,veterinary medicine,FEMALE,YES
25.0,computer science,FEMALE,NO
83.0,healthcare,FEMALE,NO
74.0,technical science,MALE,NO
18.0,protection and safety,FEMALE,NO
48.0,mathematics and statistics,FEMALE,NO
47.0,public health,FEMALE,NO
55.0,liberal arts,FEMALE,NO
64.0,liberal arts,FEMALE,NO
95.0,art,FEMALE,
78.0,no specialisation,FEMALE,
30.0,environmental protection,MALE,NO
17.0,physical sciences,FEMALE,NO
87.0,liberal arts,FEMALE,NO
50.0,social sciences,FEMALE,NO
35.0,public health,FEMALE,NO
91.0,art,FEMALE,NO
30.0,pedagogics,FEMALE,NO
19.0,protection and safety,FEMALE,NO
54.0,no specialisation,FEMALE,NO
17.0,armed forces and country protection,FEMALE,NO
88.0,no specialisation,FEMALE,NO
40.0,mathematics and statistics,FEMALE,NO
21.0,healthcare,FEMALE,NO
21.0,pedagogics,FEMALE,NO
91.0,healthcare,FEMALE,
69.0,economy and administration,FEMALE,NO
60.0,public health,FEMALE,NO
87.0,computer science,MALE,NO
31.0,services for the population and transport services,FEMALE,NO
77.0,veterinary medicine,FEMALE,NO
19.0,mathematics and statistics,FEMALE,NO
30.0,services for the population and transport services,MALE,NO
93.0,biological sciences,MALE,
49.0,services for the population and transport services,FEMALE,NO
50.0,veterinary medicine,FEMALE,NO
55.0,no specialisation,MALE,NO
79.0,environmental protection,MALE,NO
63.0,art,FEMALE,NO
64.0,technical science,FEMALE,NO
38.0,healthcare,FEMALE,NO
18.0,no specialisation,MALE,NO
64.0,mathematics and statistics,FEMALE,NO
73.0,mathematics and statistics,FEMALE,NO
21.0,public health,FEMALE,NO
61.0,technical science,MALE,NO
92.0,physical sciences,FEMALE,NO
71.0,veterinary medicine,FEMALE,NO
92.0,computer science,MALE,NO
95.0,other,MALE,YES
43.0,production and processing,MALE,NO
69.0,protection and safety,FEMALE,NO
67.0,public health,FEMALE,NO
23.0,healthcare,FEMALE,
23.0,social welfare,MALE,
88.0,art,FEMALE,NO
36.0,healthcare,FEMALE,NO
55.0,no specialisation,MALE,NO
30.0,pedagogics,FEMALE,NO
82.0,healthcare,FEMALE,NO
73.0,technical science,MALE,NO
45.0,mathematics and statistics,FEMALE,NO
94.0,armed forces and country protection,FEMALE,
17.0,services for the population and transport services,FEMALE,NO
79.0,veterinary medicine,FEMALE,
95.0,journalism and information,MALE,YES
25.0,other,MALE,NO
41.0,pedagogics,FEMALE,YES
22.0,services for the population and transport services,MALE,NO
46.0,art,FEMALE,YES
73.0,social sciences,FEMALE,YES
17.0,protection and safety,FEMALE,NO
42.0,architecture and construction,MALE,NO
72.0,other,FEMALE,NO
91.0,"agriculture, forestry, fishing",MALE,NO
53.0,no specialisation,FEMALE,NO
84.0,pedagogics,FEMALE,NO
61.0,physical sciences,FEMALE,NO
73.0,technical science,MALE,NO
24.0,healthcare,FEMALE,
75.0,social sciences,FEMALE,NO
90.0,mathematics and statistics,FEMALE,NO
56.0,production and processing,MALE,NO
22.0,services for the population and transport services,FEMALE,NO
63.0,protection and safety,FEMALE,NO
71.0,services for the population and transport services,MALE,NO
62.0,physical sciences,FEMALE,
80.0,services for the population and transport services,MALE,NO
23.0,technical science,MALE,NO
23.0,technical science,MALE,NO
89.0,healthcare,FEMALE,
50.0,veterinary medicine,FEMALE,NO
55.0,architecture and construction,MALE,NO
59.0,physical sciences,FEMALE,NO
63.0,no specialisation,MALE,NO
31.0,economy and administration,FEMALE,NO
62.0,no specialisation,FEMALE,NO
55.0,architecture and construction,MALE,NO
67.0,other,MALE,NO
36.0,social sciences,FEMALE,NO
90.0,art,FEMALE,
22.0,healthcare,FEMALE,NO
57.0,physical sciences,FEMALE,YES
52.0,lack of data,FEMALE,NO
20.0,mathematics and statistics,FEMALE,NO
21.0,healthcare,FEMALE,NO
19.0,no specialisation,MALE,NO
34.0,law,FEMALE,NO
94.0,art,FEMALE,YES
18.0,computer science,MALE,NO
35.0,architecture and construction,MALE,NO
65.0,no specialisation,FEMALE,NO
36.0,social sciences,FEMALE,NO
84.0,architecture and construction,MALE,NO
29.0,production and processing,MALE,NO
49.0,mathematics and statistics,FEMALE,NO
86.0,social welfare,MALE,NO
72.0,lack of data,MALE,NO
57.0,protection and safety,FEMALE,NO
25.0,liberal arts,FEMALE,NO
48.0,not applicable,FEMALE,NO
84.0,services for the population and transport services,FEMALE,YES
70.0,veterinary medicine,FEMALE,NO
87.0,art,FEMALE,NO
17.0,no specialisation,FEMALE,NO
64.0,art,FEMALE,NO
47.0,"agriculture, forestry, fishing",MALE,NO
91.0,public health,FEMALE,
80.0,veterinary medicine,FEMALE,
48.0,pedagogics,FEMALE,NO
83.0,architecture and construction,MALE,YES
72.0,architecture and construction,MALE,NO
84.0,healthcare,FEMALE,NO
33.0,law,FEMALE,NO
22.0,"agriculture, forestry, fishing",MALE,NO
25.0,social sciences,FEMALE,NO
55.0,no specialisation,MALE,NO
80.0,,FEMALE,
87.0,social welfare,MALE,NO
82.0,no specialisation,FEMALE,NO
22.0,physical sciences,FEMALE,NO
43.0,healthcare,FEMALE,YES
81.0,healthcare,FEMALE,NO
89.0,art,MALE,NO
23.0,not applicable,FEMALE,NO
18.0,architecture and construction,MALE,NO
69.0,mathematics and statistics,FEMALE,
20.0,healthcare,FEMALE,NO
17.0,services for the population and transport services,FEMALE,NO
35.0,law,FEMALE,NO
63.0,technical science,MALE,NO
86.0,computer science,FEMALE,NO
80.0,technical science,MALE,NO
46.0,pedagogics,FEMALE,NO
94.0,armed forces and country protection,FEMALE,YES
17.0,no specialisation,MALE,NO
51.0,environmental protection,MALE,NO
30.0,public health,FEMALE,NO
55.0,production and processing,MALE,NO
90.0,architecture and construction,MALE,
51.0,mathematics and statistics,FEMALE,NO
86.0,social welfare,MALE,NO
28.0,liberal arts,FEMALE,NO
92.0,public health,FEMALE,NO
58.0,armed forces and country protection,FEMALE,NO
62.0,social welfare,MALE,NO
18.0,no specialisation,FEMALE,NO
42.0,technical science,FEMALE,
23.0,not applicable,FEMALE,NO
60.0,public health,FEMALE,NO
79.0,veterinary medicine,FEMALE,NO
69.0,protection and safety,FEMALE,NO
43.0,pedagogics,FEMALE,YES
65.0,lack of data,MALE,NO
54.0,architecture and construction,MALE,NO
89.0,mathematics and statistics,FEMALE,
36.0,liberal arts,FEMALE,NO
69.0,services for the population and transport services,FEMALE,NO
35.0,computer science,FEMALE,NO
91.0,public health,FEMALE,
34.0,architecture and construction,MALE,NO
45.0,social welfare,MALE,NO
30.0,production and processing,MALE,NO
70.0,mathematics and statistics,FEMALE,NO
66.0,environmental protection,MALE,YES
87.0,computer science,MALE,NO
32.0,pedagogics,FEMALE,NO
75.0,liberal arts,FEMALE,NO
68.0,public health,FEMALE,YES
38.0,technical science,MALE,YES
22.0,healthcare,FEMALE,NO
55.0,production and processing,MALE,NO
92.0,mathematics and statistics,FEMALE,
72.0,architecture and construction,MALE,NO
43.0,physical sciences,FEMALE,NO
66.0,lack of data,FEMALE,YES
58.0,"agriculture, forestry, fishing",MALE,NO
55.0,no specialisation,FEMALE,NO
69.0,architecture and construction,MALE,NO
52.0,physical sciences,FEMALE,NO
20.0,no specialisation,FEMALE,NO
40.0,no specialisation,FEMALE,NO
84.0,technical science,FEMALE,NO
89.0,social welfare,MALE,NO
18.0,protection and safety,FEMALE,NO
23.0,pedagogics,FEMALE,NO
25.0,economy and administration,MALE,NO
22.0,"agriculture, forestry, fishing",MALE,
77.0,armed forces and country protection,MALE,
82.0,healthcare,FEMALE,NO
87.0,computer science,FEMALE,NO
25.0,pedagogics,FEMALE,YES
19.0,no specialisation,FEMALE,NO
29.0,liberal arts,FEMALE,NO
41.0,services for the population and transport services,FEMALE,YES
47.0,protection and safety,FEMALE,NO
56.0,production and processing,MALE,NO
56.0,no specialisation,MALE,NO
72.0,architecture and construction,MALE,
69.0,mathematics and statistics,FEMALE,NO
63.0,no specialisation,MALE,NO
38.0,mathematics and statistics,FEMALE,NO
20.0,"agriculture, forestry, fishing",MALE,
25.0,production and processing,MALE,NO
67.0,environmental protection,MALE,NO
56.0,architecture and construction,MALE,NO
68.0,no specialisation,FEMALE,YES
80.0,technical science,MALE,NO
75.0,"agriculture, forestry, fishing",MALE,NO
32.0,"agriculture, forestry, fishing",MALE,NO
23.0,pedagogics,FEMALE,YES
66.0,not applicable,FEMALE,YES
78.0,"agriculture, forestry, fishing",MALE,NO
94.0,armed forces and country protection,FEMALE,
49.0,social sciences,FEMALE,NO
35.0,mathematics and statistics,FEMALE,NO
95.0,armed forces and country protection,FEMALE,YES
36.0,art,FEMALE,NO
45.0,physical sciences,FEMALE,NO
29.0,healthcare,FEMALE,NO
38.0,"agriculture, forestry, fishing",FEMALE,NO
94.0,physical sciences,FEMALE,YES
21.0,"agriculture, forestry, fishing",FEMALE,NO
38.0,armed forces and country protection,MALE,NO
26.0,art,MALE,
59.0,art,FEMALE,NO
23.0,public health,FEMALE,NO
83.0,architecture and construction,MALE,YES
88.0,art,FEMALE,NO
37.0,mathematics and statistics,FEMALE,NO
88.0,art,FEMALE,NO
31.0,public health,FEMALE,NO
89.0,no specialisation,MALE,NO
87.0,social welfare,MALE,NO
55.0,architecture and construction,MALE,NO
50.0,social sciences,MALE,NO
89.0,art,FEMALE,
49.0,technical science,MALE,NO
22.0,healthcare,FEMALE,NO
55.0,no specialisation,MALE,NO
90.0,"agriculture, forestry, fishing",FEMALE,NO
69.0,protection and safety,FEMALE,NO
36.0,computer science,MALE,NO
77.0,technical science,MALE,NO
54.0,production and processing,MALE,NO
82.0,healthcare,FEMALE,NO
65.0,environmental protection,MALE,NO
81.0,biological sciences,MALE,
30.0,services for the population and transport services,FEMALE,NO
47.0,mathematics and statistics,FEMALE,NO
17.0,environmental protection,MALE,NO
72.0,veterinary medicine,FEMALE,NO
29.0,services for the population and transport services,MALE,NO
27.0,pedagogics,FEMALE,NO
31.0,services for the population and transport services,FEMALE,NO
97.0,armed forces and country protection,FEMALE,YES
27.0,production and processing,MALE,YES
83.0,healthcare,FEMALE,NO
84.0,production and processing,MALE,NO
71.0,veterinary medicine,FEMALE,NO
61.0,services for the population and transport services,MALE,YES
26.0,other,MALE,YES
68.0,public health,FEMALE,YES
64.0,no specialisation,MALE,NO
83.0,healthcare,FEMALE,YES
58.0,architecture and construction,MALE,
30.0,production and processing,MALE,NO
63.0,art,FEMALE,NO
90.0,mathematics and statistics,FEMALE,NO
17.0,production and processing,MALE,NO
73.0,technical science,MALE,YES
21.0,pedagogics,FEMALE,NO
25.0,computer science,MALE,NO
17.0,no specialisation,FEMALE,NO
45.0,production and processing,MALE,YES
34.0,computer science,MALE,YES
59.0,protection and safety,FEMALE,NO
20.0,public health,FEMALE,NO
53.0,no specialisation,FEMALE,NO
69.0,social sciences,MALE,NO
26.0,economy and administration,FEMALE,NO
24.0,not applicable,FEMALE,NO
82.0,technical science,MALE,NO
18.0,protection and safety,FEMALE,NO
42.0,services for the population and transport services,FEMALE,NO
21.0,computer science,FEMALE,NO
29.0,pedagogics,FEMALE,NO
82.0,healthcare,FEMALE,NO
24.0,production and processing,MALE,YES
82.0,no specialisation,FEMALE,NO
64.0,physical sciences,FEMALE,NO
41.0,physical sciences,FEMALE,NO
61.0,public health,FEMALE,NO
38.0,services for the population and transport services,FEMALE,NO
92.0,architecture and construction,MALE,NO
39.0,technical science,FEMALE,NO
55.0,liberal arts,FEMALE,NO
88.0,biological sciences,MALE,NO
80.0,technical science,MALE,NO
33.0,services for the population and transport services,FEMALE,NO
69.0,mathematics and statistics,FEMALE,NO
29.0,pedagogics,FEMALE,NO
70.0,economy and administration,FEMALE,NO
24.0,liberal arts,MALE,NO
33.0,liberal arts,MALE,NO
58.0,public health,FEMALE,NO
91.0,mathematics and statistics,FEMALE,
44.0,public health,FEMALE,NO
79.0,services for the population and transport services,MALE,NO
35.0,liberal arts,FEMALE,NO
93.0,mathematics and statistics,FEMALE,NO
63.0,no specialisation,FEMALE,
30.0,"agriculture, forestry, fishing",MALE,NO
17.0,computer science,MALE,NO
34.0,social sciences,FEMALE,NO
47.0,public health,FEMALE,
72.0,architecture and construction,MALE,NO
94.0,physical sciences,FEMALE,YES
23.0,"agriculture, forestry, fishing",FEMALE,YES
46.0,no specialisation,FEMALE,YES
27.0,art,FEMALE,NO
69.0,social sciences,MALE,NO
57.0,physical sciences,FEMALE,NO
35.0,architecture and construction,MALE,NO
56.0,production and processing,MALE,NO
21.0,technical science,MALE,NO
31.0,public health,FEMALE,NO
23.0,armed forces and country protection,MALE,NO
53.0,production and processing,MALE,NO
96.0,physical sciences,FEMALE,YES
95.0,physical sciences,FEMALE,YES
21.0,services for the population and transport services,FEMALE,NO
90.0,healthcare,FEMALE,NO
44.0,journalism and information,MALE,NO
35.0,computer science,FEMALE,NO
91.0,mathematics and statistics,FEMALE,NO
62.0,liberal arts,FEMALE,NO
81.0,architecture and construction,MALE,NO
61.0,economy and administration,FEMALE,YES
79.0,armed forces and country protection,FEMALE,NO
57.0,other,FEMALE,NO
87.0,computer science,FEMALE,NO
20.0,healthcare,FEMALE,NO
50.0,services for the population and transport services,FEMALE,NO
31.0,pedagogics,FEMALE,NO
16.0,no specialisation,MALE,NO
72.0,technical science,MALE,NO
91.0,mathematics and statistics,FEMALE,NO
22.0,social welfare,MALE,NO
69.0,pedagogics,FEMALE,NO
26.0,liberal arts,FEMALE,
44.0,journalism and information,MALE,NO
69.0,technical science,MALE,NO
49.0,other,MALE,NO
58.0,economy and administration,FEMALE,
54.0,no specialisation,MALE,NO
51.0,economy and administration,MALE,NO
60.0,economy and administration,FEMALE,YES
87.0,art,FEMALE,NO
59.0,production and processing,MALE,NO
30.0,services for the population and transport services,FEMALE,NO
22.0,healthcare,FEMALE,NO
68.0,liberal arts,FEMALE,YES
35.0,services for the population and transport services,FEMALE,NO
30.0,"agriculture, forestry, fishing",MALE,NO
38.0,healthcare,FEMALE,NO
20.0,healthcare,FEMALE,NO
21.0,not applicable,FEMALE,NO
80.0,technical science,MALE,
93.0,architecture and construction,MALE,NO
62.0,social sciences,FEMALE,NO
26.0,other,FEMALE,YES
21.0,pedagogics,FEMALE,NO
80.0,veterinary medicine,FEMALE,NO
24.0,art,FEMALE,NO
57.0,environmental protection,MALE,YES
31.0,economy and administration,FEMALE,NO
86.0,no specialisation,FEMALE,NO
21.0,pedagogics,FEMALE,NO
19.0,protection and safety,FEMALE,NO
82.0,architecture and construction,MALE,NO
89.0,mathematics and statistics,FEMALE,
43.0,technical science,MALE,NO
20.0,no specialisation,FEMALE,NO
51.0,services for the population and transport services,FEMALE,NO
96.0,armed forces and country protection,MALE,
23.0,healthcare,FEMALE,NO
47.0,public health,FEMALE,NO
42.0,physical sciences,FEMALE,NO
38.0,mathematics and statistics,FEMALE,NO
70.0,production and processing,MALE,NO
57.0,public health,FEMALE,NO
43.0,technical science,MALE,YES
48.0,mathematics and statistics,FEMALE,
30.0,production and processing,MALE,NO
22.0,law,FEMALE,NO
63.0,technical science,FEMALE,
53.0,no specialisation,FEMALE,NO
33.0,liberal arts,FEMALE,NO
84.0,technical science,MALE,YES
31.0,"agriculture, forestry, fishing",FEMALE,NO
89.0,healthcare,FEMALE,
34.0,social sciences,MALE,NO
59.0,mathematics and statistics,FEMALE,NO
73.0,journalism and information,MALE,YES
24.0,pedagogics,FEMALE,NO
61.0,liberal arts,FEMALE,
23.0,healthcare,FEMALE,NO
89.0,environmental protection,MALE,
17.0,healthcare,FEMALE,NO
49.0,technical science,MALE,NO
72.0,veterinary medicine,FEMALE,NO
97.0,armed forces and country protection,FEMALE,
48.0,public health,FEMALE,NO
29.0,production and processing,MALE,NO
51.0,physical sciences,FEMALE,NO
36.0,"agriculture, forestry, fishing",FEMALE,NO
59.0,environmental protection,MALE,
24.0,public health,FEMALE,NO
54.0,no specialisation,FEMALE,NO
42.0,"agriculture, forestry, fishing",MALE,YES
67.0,no specialisation,FEMALE,NO
73.0,social sciences,MALE,YES
23.0,social welfare,MALE,NO
73.0,technical science,MALE,NO
16.0,no specialisation,FEMALE,NO
17.0,no specialisation,MALE,NO
60.0,economy and administration,MALE,NO
47.0,social welfare,MALE,
37.0,services for the population and transport services,FEMALE,NO
69.0,social sciences,FEMALE,NO
58.0,economy and administration,FEMALE,NO
81.0,armed forces and country protection,FEMALE,
63.0,protection and safety,FEMALE,NO
53.0,technical science,FEMALE,NO
51.0,technical science,MALE,NO
67.0,no specialisation,MALE,NO
96.0,production and processing,MALE,YES
97.0,armed forces and country protection,FEMALE,YES
68.0,environmental protection,MALE,NO
23.0,not applicable,FEMALE,NO
88.0,social welfare,MALE,NO
67.0,no specialisation,FEMALE,NO
82.0,pedagogics,FEMALE,NO
59.0,architecture and construction,MALE,NO
50.0,veterinary medicine,FEMALE,NO
53.0,no specialisation,FEMALE,NO
61.0,art,FEMALE,NO
89.0,healthcare,FEMALE,
17.0,no specialisation,MALE,NO
32.0,art,FEMALE,NO
26.0,computer science,MALE,YES
71.0,technical science,MALE,
45.0,social welfare,MALE,NO
20.0,armed forces and country protection,MALE,NO
21.0,healthcare,FEMALE,YES
24.0,physical sciences,FEMALE,NO
57.0,environmental protection,MALE,NO
77.0,"agriculture, forestry, fishing",FEMALE,
60.0,protection and safety,FEMALE,NO
89.0,computer science,MALE,NO
21.0,healthcare,FEMALE,NO
39.0,healthcare,FEMALE,NO
91.0,art,FEMALE,
27.0,art,FEMALE,
62.0,art,FEMALE,
72.0,veterinary medicine,FEMALE,NO
81.0,protection and safety,FEMALE,NO
73.0,technical science,MALE,NO
21.0,pedagogics,FEMALE,NO
84.0,healthcare,FEMALE,NO
57.0,art,FEMALE,NO
80.0,no specialisation,FEMALE,NO
93.0,no specialisation,FEMALE,
64.0,services for the population and transport services,FEMALE,NO
65.0,no specialisation,MALE,YES
86.0,computer science,FEMALE,NO
49.0,services for the population and transport services,MALE,NO
92.0,art,FEMALE,NO
87.0,no specialisation,MALE,NO
82.0,architecture and construction,MALE,NO
80.0,lack of data,FEMALE,NO
35.0,production and processing,MALE,NO
89.0,art,FEMALE,NO
67.0,no specialisation,FEMALE,NO
29.0,not applicable,FEMALE,NO
21.0,technical science,MALE,
65.0,no specialisation,FEMALE,YES
34.0,architecture and construction,MALE,NO
64.0,art,FEMALE,NO
28.0,environmental protection,MALE,NO
69.0,services for the population and transport services,FEMALE,NO
26.0,environmental protection,MALE,NO
44.0,pedagogics,FEMALE,YES
39.0,architecture and construction,MALE,NO
86.0,computer science,MALE,NO
40.0,physical sciences,FEMALE,NO
37.0,armed forces and country protection,FEMALE,NO
82.0,protection and safety,FEMALE,NO
69.0,mathematics and statistics,FEMALE,NO
22.0,healthcare,FEMALE,NO
22.0,social welfare,MALE,NO
28.0,production and processing,MALE,NO
82.0,architecture and construction,MALE,NO
79.0,production and processing,MALE,NO
88.0,computer science,FEMALE,NO
65.0,technical science,MALE,YES
89.0,art,FEMALE,NO
59.0,physical sciences,FEMALE,NO
52.0,economy and administration,FEMALE,NO
61.0,technical science,MALE,
90.0,healthcare,FEMALE,
30.0,pedagogics,FEMALE,NO
34.0,art,FEMALE,NO
48.0,no specialisation,FEMALE,NO
42.0,pedagogics,FEMALE,NO
93.0,public health,FEMALE,
73.0,other,FEMALE,NO
72.0,protection and safety,FEMALE,NO
70.0,social sciences,FEMALE,NO
84.0,healthcare,FEMALE,NO
21.0,healthcare,FEMALE,NO
23.0,"agriculture, forestry, fishing",MALE,NO
27.0,other,FEMALE,YES
71.0,veterinary medicine,FEMALE,NO
97.0,public health,FEMALE,YES
72.0,,FEMALE,NO
48.0,mathematics and statistics,FEMALE,NO
26.0,public health,FEMALE,NO
88.0,art,FEMALE,NO
76.0,mathematics and statistics,FEMALE,YES
25.0,production and processing,MALE,YES
70.0,mathematics and statistics,FEMALE,NO
41.0,"agriculture, forestry, fishing",MALE,YES
40.0,healthcare,FEMALE,NO
42.0,production and processing,MALE,NO
34.0,liberal arts,FEMALE,NO
62.0,mathematics and statistics,FEMALE,NO
51.0,social sciences,FEMALE,NO
90.0,environmental protection,MALE,
56.0,physical sciences,FEMALE,YES
63.0,social sciences,FEMALE,NO
72.0,services for the population and transport services,MALE,NO
24.0,economy and administration,FEMALE,NO
34.0,architecture and construction,MALE,
78.0,environmental protection,MALE,NO
94.0,biological sciences,MALE,YES
21.0,"agriculture, forestry, fishing",MALE,NO
92.0,healthcare,FEMALE,
18.0,no specialisation,FEMALE,NO
41.0,production and processing,MALE,YES
23.0,law,FEMALE,NO
19.0,computer science,FEMALE,NO
26.0,other,FEMALE,NO
20.0,public health,FEMALE,NO
17.0,protection and safety,FEMALE,NO
42.0,social sciences,FEMALE,NO
91.0,environmental protection,MALE,
17.0,no specialisation,FEMALE,NO
56.0,no specialisation,MALE,NO
24.0,healthcare,FEMALE,NO
54.0,production and processing,MALE,NO
45.0,art,FEMALE,NO
95.0,services for the population and transport services,MALE,YES
53.0,architecture and construction,MALE,NO
54.0,liberal arts,FEMALE,NO
42.0,pedagogics,FEMALE,YES
24.0,mathematics and statistics,FEMALE,NO
34.0,production and processing,MALE,NO
81.0,architecture and construction,MALE,YES
48.0,social welfare,MALE,NO
59.0,architecture and construction,MALE,YES
23.0,healthcare,FEMALE,NO
21.0,healthcare,FEMALE,NO
90.0,"agriculture, forestry, fishing",MALE,
35.0,architecture and construction,MALE,NO
70.0,social sciences,FEMALE,NO
51.0,services for the population and transport services,FEMALE,NO
33.0,public health,FEMALE,NO
62.0,production and processing,MALE,
59.0,architecture and construction,MALE,YES
22.0,healthcare,FEMALE,NO
23.0,"agriculture, forestry, fishing",MALE,NO
70.0,architecture and construction,MALE,NO
54.0,architecture and construction,MALE,NO
85.0,computer science,FEMALE,NO
89.0,architecture and construction,MALE,
57.0,"agriculture, forestry, fishing",MALE,NO
71.0,economy and administration,FEMALE,
52.0,services for the population and transport services,FEMALE,NO
91.0,architecture and construction,MALE,NO
70.0,veterinary medicine,FEMALE,YES
52.0,production and processing,MALE,NO
23.0,social welfare,MALE,NO
80.0,production and processing,MALE,
69.0,services for the population and transport services,FEMALE,NO
23.0,healthcare,FEMALE,NO
66.0,environmental protection,MALE,YES
30.0,production and processing,MALE,NO
68.0,other,FEMALE,NO
54.0,no specialisation,FEMALE,NO
87.0,biological sciences,MALE,NO
59.0,economy and administration,FEMALE,NO
23.0,not applicable,FEMALE,NO
26.0,liberal arts,MALE,NO
51.0,veterinary medicine,FEMALE,NO
51.0,other,FEMALE,NO
20.0,mathematics and statistics,FEMALE,NO
53.0,technical science,FEMALE,NO
34.0,architecture and construction,MALE,NO
80.0,environmental protection,MALE,NO
97.0,journalism and information,MALE,YES
71.0,social sciences,MALE,NO
92.0,public health,FEMALE,
24.0,healthcare,FEMALE,NO
85.0,social welfare,MALE,NO
33.0,architecture and construction,MALE,NO
46.0,no specialisation,FEMALE,NO
59.0,production and processing,MALE,NO
82.0,healthcare,FEMALE,NO
46.0,architecture and construction,MALE,NO
68.0,environmental protection,MALE,YES
18.0,no specialisation,FEMALE,NO
22.0,healthcare,FEMALE,NO
40.0,mathematics and statistics,FEMALE,NO
59.0,architecture and construction,MALE,NO
58.0,"agriculture, forestry, fishing",FEMALE,YES
45.0,social welfare,MALE,NO
33.0,architecture and construction,MALE,NO
38.0,healthcare,FEMALE,NO
24.0,production and processing,MALE,NO
71.0,social sciences,FEMALE,NO
24.0,healthcare,FEMALE,NO
58.0,production and processing,MALE,NO
19.0,no specialisation,MALE,NO
39.0,architecture and construction,MALE,NO
27.0,liberal arts,FEMALE,NO
78.0,"agriculture, forestry, fishing",MALE,NO
51.0,veterinary medicine,FEMALE,NO
47.0,public health,FEMALE,NO
29.0,healthcare,FEMALE,NO
37.0,economy and administration,FEMALE,NO
55.0,liberal arts,FEMALE,NO
35.0,healthcare,FEMALE,NO
69.0,lack of data,FEMALE,NO
75.0,technical science,MALE,YES
54.0,liberal arts,FEMALE,NO
30.0,public health,FEMALE,NO
27.0,art,FEMALE,NO
20.0,no specialisation,MALE,NO
16.0,no specialisation,FEMALE,NO
60.0,pedagogics,FEMALE,NO
59.0,production and processing,MALE,YES
74.0,social sciences,FEMALE,YES
57.0,economy and administration,FEMALE,NO
67.0,law,FEMALE,NO
91.0,architecture and construction,MALE,
52.0,physical sciences,FEMALE,NO
56.0,technical science,MALE,NO
27.0,liberal arts,FEMALE,YES
80.0,veterinary medicine,FEMALE,NO
43.0,pedagogics,FEMALE,NO
92.0,computer science,MALE,
63.0,no specialisation,FEMALE,
67.0,physical sciences,FEMALE,YES
30.0,production and processing,MALE,NO
44.0,physical sciences,FEMALE,YES
20.0,computer science,MALE,NO
89.0,computer science,MALE,NO
58.0,economy and administration,FEMALE,NO
94.0,public health,FEMALE,YES
18.0,no specialisation,MALE,NO
54.0,production and processing,MALE,NO
50.0,services for the population and transport services,FEMALE,NO
68.0,other,MALE,NO
19.0,no specialisation,FEMALE,NO
28.0,liberal arts,FEMALE,NO
19.0,no specialisation,FEMALE,NO
87.0,art,FEMALE,NO
37.0,services for the population and transport services,FEMALE,NO
66.0,technical science,MALE,NO
19.0,services for the population and transport services,FEMALE,NO
38.0,services for the population and transport services,MALE,NO
76.0,social sciences,FEMALE,YES
95.0,biological sciences,MALE,YES
60.0,,FEMALE,NO
84.0,production and processing,MALE,NO
92.0,mathematics and statistics,FEMALE,
44.0,social welfare,MALE,NO
32.0,pedagogics,FEMALE,NO
86.0,,FEMALE,NO
29.0,public health,FEMALE,NO
57.0,lack of data,FEMALE,NO
60.0,public health,FEMALE,NO
22.0,protection and safety,FEMALE,NO
91.0,healthcare,FEMALE,
24.0,social welfare,MALE,NO
48.0,art,FEMALE,NO
71.0,lack of data,MALE,
51.0,physical sciences,FEMALE,NO
67.0,no specialisation,MALE,NO
26.0,production and processing,MALE,NO
29.0,,FEMALE,NO
69.0,architecture and construction,MALE,
25.0,public health,FEMALE,NO
78.0,services for the population and transport services,MALE,
85.0,healthcare,FEMALE,NO
65.0,environmental protection,MALE,YES
17.0,mathematics and statistics,FEMALE,NO
27.0,liberal arts,FEMALE,NO
85.0,no specialisation,MALE,NO
87.0,computer science,FEMALE,NO
17.0,no specialisation,FEMALE,NO
64.0,services for the population and transport services,MALE,YES
45.0,social welfare,MALE,YES
55.0,production and processing,MALE,NO
83.0,healthcare,FEMALE,NO
51.0,social welfare,MALE,YES
91.0,mathematics and statistics,FEMALE,NO
35.0,economy and administration,FEMALE,NO
36.0,art,FEMALE,NO
52.0,veterinary medicine,FEMALE,NO
72.0,architecture and construction,MALE,NO
61.0,no specialisation,MALE,NO
24.0,computer science,MALE,NO
65.0,social welfare,MALE,NO
87.0,computer science,MALE,NO
48.0,public health,FEMALE,NO
81.0,biological sciences,MALE,NO
58.0,technical science,MALE,
17.0,production and processing,MALE,NO
46.0,mathematics and statistics,FEMALE,NO
52.0,veterinary medicine,FEMALE,NO
62.0,no specialisation,FEMALE,NO
30.0,liberal arts,FEMALE,NO
19.0,art,MALE,NO
82.0,protection and safety,FEMALE,NO
22.0,pedagogics,FEMALE,
58.0,economy and administration,FEMALE,
58.0,economy and administration,MALE,NO
89.0,computer science,MALE,NO
38.0,no specialisation,FEMALE,NO
69.0,architecture and construction,MALE,NO
44.0,healthcare,FEMALE,YES
28.0,public health,FEMALE,YES
94.0,physical sciences,FEMALE,YES
16.0,services for the population and transport services,FEMALE,NO
30.0,public health,FEMALE,NO
31.0,"agriculture, forestry, fishing",FEMALE,NO
58.0,other,FEMALE,NO
45.0,mathematics and statistics,FEMALE,NO
69.0,lack of data,MALE,
88.0,,FEMALE,NO
30.0,production and processing,MALE,NO
35.0,economy and administration,FEMALE,NO
62.0,no specialisation,FEMALE,
18.0,architecture and construction,MALE,NO
46.0,public health,FEMALE,NO
43.0,journalism and information,MALE,NO
95.0,biological sciences,MALE,YES
21.0,art,FEMALE,NO
79.0,"agriculture, forestry, fishing",FEMALE,NO
73.0,services for the population and transport services,FEMALE,YES
34.0,protection and safety,FEMALE,YES
53.0,no specialisation,FEMALE,NO
22.0,healthcare,FEMALE,NO
31.0,liberal arts,FEMALE,NO
86.0,social welfare,MALE,NO
24.0,armed forces and country protection,FEMALE,NO
24.0,"agriculture, forestry, fishing",FEMALE,YES
26.0,computer science,MALE,NO
18.0,no specialisation,MALE,NO
91.0,"agriculture, forestry, fishing",MALE,
19.0,armed forces and country protection,MALE,NO
16.0,protection and safety,FEMALE,NO
90.0,mathematics and statistics,FEMALE,NO
60.0,technical science,MALE,YES
61.0,technical science,MALE,NO
91.0,environmental protection,MALE,
21.0,law,FEMALE,NO
37.0,technical science,MALE,NO
42.0,pedagogics,FEMALE,NO
67.0,lack of data,FEMALE,YES
17.0,services for the population and transport services,MALE,NO
74.0,technical science,FEMALE,NO
26.0,production and processing,MALE,NO
27.0,economy and administration,FEMALE,NO
94.0,services for the population and transport services,MALE,YES
91.0,mathematics and statistics,FEMALE,NO
83.0,protection and safety,FEMALE,NO
89.0,no specialisation,FEMALE,NO
55.0,technical science,MALE,NO
34.0,architecture and construction,MALE,
38.0,art,FEMALE,NO
91.0,computer science,FEMALE,NO
26.0,computer science,MALE,NO
51.0,economy and administration,FEMALE,NO
46.0,art,FEMALE,NO
62.0,protection and safety,FEMALE,
89.0,computer science,FEMALE,NO
52.0,economy and administration,MALE,NO
88.0,computer science,MALE,NO
56.0,liberal arts,FEMALE,NO
52.0,veterinary medicine,FEMALE,NO
